Contact_Radius	Contact_Radius_norm	Height	Height_norm	Force_Eng	Force_Calc	Bottom_Angle	Top_Angle	Cone_Angle	Tilt_Angle	Energy	Area	Scale	Volume	Pressure	Bottom_Length	Top_Length	Bottom_Area	Top_Area	Mean_curvature	Bottom_Angle_Calc	Top_Angle_Calc	Average Wetted Height	Initial_guess_height	s_norm
3.17	12.0	0.000000	0.000000	-0.0149533939334292 	-0.0545993226710355 	30	50	6	0	31.8108777454608    	34.8182153872207    	0.0362248368128500  	4.18879020478639    	0.0934652669103254  	18.4305702903831    	0.200079552861820   	27.0307436362300    	0.00318519696746142 	0.000000000000000   	8.95693526611099    	67.8958434351052    	0.355048472942064   	0.630446	3.78267738611256    
3.17	12.0	0.0132182	0.0500000	-0.0145096912953105 	-0.0538916018978336 	30	50	6	0	31.8131071615234    	34.8180234943481    	0.0370118993610961  	4.18879020478639    	0.0938054481471133  	18.4305702903831    	0.200079552861820   	27.0307436362300    	0.00318519696746142 	0.000000000000000   	8.97187998969036    	68.7968062972399    	0.338687660858570   	0.617228	3.78267738611256    
3.17	12.0	0.0264363	0.100000	-0.0139813823969530 	-0.0530399909391136 	30	50	6	0	31.8152372850298    	34.8178003478196    	0.0335088744196112  	4.18879020478639    	0.0941937438191751  	18.4305702903831    	0.200079552861820   	27.0307436362300    	0.00318519696746142 	0.000000000000000   	8.98807320191196    	69.8601936375933    	0.322034036112575   	0.604010	3.78267738611256    
3.17	12.0	0.0396545	0.150000	-0.0136156539560666 	-0.0523854322036848 	30	50	6	0	31.8172531355980    	34.8176600263987    	0.0296252270579859  	4.18879020478639    	0.0945025704335379  	18.4305702903831    	0.200079552861820   	27.0307436362300    	0.00318519696746142 	0.000000000000000   	9.00140292741144    	70.5906363183243    	0.305923548503009   	0.590792	3.78267738611256    
3.17	12.0	0.0528726	0.200000	-0.0129328517830200 	-0.0517634113463728 	30	50	6	0	31.8191693578878    	34.8174678379183    	0.0286675067140921  	4.18879020478639    	0.0948033358070536  	18.4305702903831    	0.200079552861820   	27.0307436362300    	0.00318519696746142 	0.000000000000000   	9.01469077785525    	71.9430037523241    	0.289329981683344   	0.577574	3.78267738611256    
3.17	12.0	0.0660908	0.250000	-0.0126060856057971 	-0.0511037590416107 	30	50	6	0	31.8209741400122    	34.8173214199791    	0.0291610615402509  	4.18879020478639    	0.0951080735162371  	18.4305702903831    	0.200079552861820   	27.0307436362300    	0.00318519696746142 	0.000000000000000   	9.02757283930217    	72.5849789300058    	0.273042721549251   	0.564355	3.78267738611256    
3.17	12.0	0.0793089	0.300000	-0.0118142076658005 	-0.0502558818175808 	30	50	6	0	31.8226869120744    	34.8170768037191    	0.0216098039804634  	4.18879020478639    	0.0955051845472940  	18.4305702903831    	0.200079552861820   	27.0307436362300    	0.00318519696746142 	0.000000000000000   	9.04459248824301    	74.1284442479733    	0.255687583327773   	0.551137	3.78267738611256    
3.17	12.0	0.0925271	0.350000	-0.0110156412671180 	-0.0489935648681258 	30	50	6	0	31.8242909139063    	34.8167496081866    	0.0209767307642278  	4.18879020478639    	0.0961091255591789  	18.4305702903831    	0.200079552861820   	27.0307436362300    	0.00318519696746142 	0.000000000000000   	9.07101548066328    	75.6680251104493    	0.237325027138129   	0.537919	3.78267738611256    
3.17	12.0	0.105745	0.400000	-0.0103511409549956 	-0.0482908282621139 	30	50	6	0	31.8257830633051    	34.8165849041074    	0.0210767504532311  	4.18879020478639    	0.0964323517970597  	18.4305702903831    	0.200079552861820   	27.0307436362300    	0.00318519696746142 	0.000000000000000   	9.08462066622156    	76.9376700873737    	0.220352780185917   	0.524701	3.78267738611256    
3.17	12.0	0.118963	0.450000	-0.00979797559924600	-0.0481899474271519 	30	50	6	0	31.8271733482775    	34.8165099846962    	0.0221074191098251  	4.18879020478639    	0.0964783143386743  	18.4305702903831    	0.200079552861820   	27.0307436362300    	0.00318519696746142 	0.000000000000000   	9.08653652064835    	77.9874084600574    	0.204181293120827   	0.511483	3.78267738611256    
3.17	12.0	0.132182	0.500000	-0.00889035660826233	-0.0470992535573690 	30	50	6	0	31.8284514588383    	34.8162546461849    	0.0215894217186709  	4.18879020478639    	0.0969970430482847  	18.4305702903831    	0.200079552861820   	27.0307436362300    	0.00318519696746142 	0.000000000000000   	9.10910570311894    	79.6961084622051    	0.185743549410663   	0.498265	3.78267738611256    
3.17	12.0	0.145400	0.550000	-0.00838457562085692	-0.0482233888571115 	30	50	6	0	31.8296489740471    	34.8164369693361    	0.0211079199149724  	4.18879020478639    	0.0964024277556920  	18.4305702903831    	0.200079552861820   	27.0307436362300    	0.00318519696746142 	0.000000000000000   	9.08074017230845    	80.6426034197176    	0.172456385475457   	0.485047	3.78267738611256    
3.17	12.0	0.158618	0.600000	-0.00700800892453757	-0.0463122003520576 	30	50	6	0	31.8306977140361    	34.8159672896434    	0.0190260116354155  	4.18879020478639    	0.0973008961269390  	18.4305702903831    	0.200079552861820   	27.0307436362300    	0.00318519696746142 	0.000000000000000   	9.11939550678390    	83.1955313287003    	0.150408490201777   	0.471828	3.78267738611256    
3.17	12.0	0.171836	0.650000	-0.00698862624596288	-0.0482709928405666 	30	50	6	0	31.8317067246481    	34.8164157380499    	0.0179003413579551  	4.18879020478639    	0.0962837489721344  	18.4305702903831    	0.200079552861820   	27.0307436362300    	0.00318519696746142 	0.000000000000000   	9.07158260245137    	83.2322444216449    	0.141404090653152   	0.458610	3.78267738611256    
3.17	12.0	0.185054	0.700000	-0.00532658288558104	-0.0455442042400077 	30	50	6	0	31.8324717062975    	34.8158041148706    	0.0117634878421763  	4.18879020478639    	0.0974996138856665  	18.4305702903831    	0.200079552861820   	27.0307436362300    	0.00318519696746142 	0.000000000000000   	9.12111469460300    	86.2804815125739    	0.116369214459121   	0.445392	3.78267738611256    
