Contact_Radius	Contact_Radius_norm	Height	Height_norm	Force_Eng	Force_Calc	Bottom_Angle	Top_Angle	Side_Angle	Front_Angle	Back_Angle	Cone_Angle	Tilt_Angle	Energy	Area	Scale	Volume	Pressure	Bottom_Length	Top_Length	Bottom_Area	Top_Area	Mean_curvature	Bottom_Angle_Calc	Top_Angle6	Top_Angle7	Top_Angle8	Top_Angle9	Average Wetted Height	Initial_guess_height	s_norm
2.51	6.00	0.000000	0.000000	-0.198491858904856  	-0.284856114086160  	30	20	14	14	14	14	0	19.8619654059267    	30.0524773370139    	0.0674886926443623  	4.18879020478639    	0.0825493216096898  	16.2165815902284    	1.25565754794940    	20.9228834519609    	0.0924697319472537  	0.0709740873714312  	12.5255615989172    	16.1237002056439    	16.1254002819448    	16.1251237439449    	16.1238034429004    	1.02615204723228    	0.796143	2.38842809051751    
2.51	6.00	0.0209343	0.0500000	-0.198416291918095  	-0.273885728646286  	30	20	14	14	14	14	0	19.8995070350573    	30.0324133581111    	0.00670817866851068 	4.18879020478639    	0.0885329907426235  	16.2165815902284    	1.25565754794940    	20.9228834519609    	0.0924697319472537  	0.0709740873714312  	12.7292884763936    	16.0210287738074    	16.0241803245407    	16.0288746310060    	16.0281940301466    	1.01539062157021    	0.775208	2.38842809051751    
2.51	6.00	0.0418685	0.100000	-0.198292869800232  	-0.261922852897642  	30	20	14	14	14	14	0	19.9359727048148    	30.0098854879088    	0.0940346763214283  	4.18879020478639    	0.0951842315471732  	16.2165815902284    	1.25565754794940    	20.9228834519609    	0.0924697319472537  	0.0709740873714312  	12.9612084257724    	16.2239120443442    	16.2225211762517    	16.2225209272409    	16.2233577802977    	1.00280575989080    	0.754274	2.38842809051751    
2.51	6.00	0.0628028	0.150000	-0.197912916414817  	-0.257469912177176  	30	20	14	14	14	14	0	19.9710456586900    	30.0044936314162    	0.165667902445983   	4.18879020478639    	0.0974789945788232  	16.2165815902284    	1.25565754794940    	20.9228834519609    	0.0924697319472537  	0.0709740873714312  	13.0338544090312    	21.4356507114188    	15.8122676896132    	15.8494851354239    	15.8285874150839    	1.00014017785255    	0.733340	2.38842809051751    
2.51	6.00	0.0837371	0.200000	-0.198137355626227  	-0.242541268532246  	30	20	14	14	14	14	0	20.0053149564514    	29.9748865335101    	0.000639999690621876	4.18879020478639    	0.105841154293227   	16.2165815902284    	1.25565754794940    	20.9228834519609    	0.0924697319472537  	0.0709740873714312  	13.3283689844860    	16.2132100056738    	16.2132419907203    	16.2135125700876    	16.2131204420021    	0.982256933797097   	0.712406	2.38842809051751    
2.51	6.00	0.104671	0.250000	-0.197781638481907  	-0.224951528015485  	30	20	14	14	14	14	0	20.0386259985867    	29.9427561315385    	9.17485731701851e-005	4.18879020478639    	0.115700542143389   	16.2165815902284    	1.25565754794940    	20.9228834519609    	0.0924697319472537  	0.0709740873714312  	13.6763484869725    	17.4687045768972    	17.5066757745259    	17.4506373028962    	17.3239365069018    	0.962004754754655   	0.691471	2.38842809051751    
2.51	6.00	0.125606	0.300000	-0.197489417257862  	-0.222386891502079  	30	20	14	14	14	14	0	20.0700032257925    	29.9385834663442    	0.0430414205715625  	4.18879020478639    	0.116984179385077   	16.2165815902284    	1.25565754794940    	20.9228834519609    	0.0924697319472537  	0.0709740873714312  	13.7154171818749    	16.5124110756964    	16.5408242334287    	16.4007081422493    	22.0478212204499    	0.959432598369179   	0.670537	2.38842809051751    
2.51	6.00	0.146540	0.350000	-0.197852364359730  	-0.212801960525411  	30	20	14	14	14	14	0	20.1005068853640    	29.9220935137448    	0.0434197190654572  	4.18879020478639    	0.122220510885149   	16.2165815902284    	1.25565754794940    	20.9228834519609    	0.0924697319472537  	0.0709740873714312  	13.8949117121934    	16.5059726904360    	16.5291509109592    	16.5424249180381    	16.4958644383657    	0.948497983327393   	0.649603	2.38842809051751    
2.51	6.00	0.167474	0.400000	-0.197765183249621  	-0.203388740240403  	30	20	14	14	14	14	0	20.1297870175666    	29.9060048344072    	0.0644709616237864  	4.18879020478639    	0.127391612252925   	16.2165815902284    	1.25565754794940    	20.9228834519609    	0.0924697319472537  	0.0709740873714312  	14.0735040213628    	16.5752678304669    	16.5968065476852    	16.6042012781528    	16.5823979843937    	0.937366902684349   	0.628669	2.38842809051751    
2.51	6.00	0.188408	0.450000	-0.196954418685149  	-0.190570388983425  	30	20	14	14	14	14	0	20.1582322091964    	29.8673228136970    	1.21355672719093e-005	4.18879020478639    	0.134602470641788   	16.2165815902284    	1.25565754794940    	20.9228834519609    	0.0924697319472537  	0.0709740873714312  	14.3298318367344    	19.4573474592918    	19.2216968265185    	19.7200960216596    	19.4538578652061    	0.907774190807945   	0.607734	2.38842809051751    
2.51	6.00	0.209343	0.500000	-0.196414059665322  	-0.183882256117608  	30	20	14	14	14	14	0	20.1850638190386    	29.8475653930939    	3.33569248062204e-006	4.18879020478639    	0.138323570625819   	16.2165815902284    	1.25565754794940    	20.9228834519609    	0.0924697319472537  	0.0709740873714312  	14.4605405996472    	20.6677632085946    	20.9069858007663    	20.6933366004408    	20.8178873713887    	0.891191436967087   	0.586800	2.38842809051751    
2.51	6.00	0.230277	0.550000	-0.196937123649666  	-0.172553592576365  	30	20	14	14	14	14	0	20.2102505034098    	29.8429083048934    	6.75039657620890e-005	4.18879020478639    	0.144084498860833   	16.2165815902284    	1.25565754794940    	20.9228834519609    	0.0924697319472537  	0.0709740873714312  	14.6406986554860    	19.0707961533706    	18.9609064522599    	19.0956303020139    	19.2091299935313    	0.888436263767165   	0.565866	2.38842809051751    
2.51	6.00	0.251211	0.600000	-0.195889295614101  	-0.166662290183416  	30	20	14	14	14	14	0	20.2343628445936    	29.8288682013781    	3.01703272706919e-007	4.18879020478639    	0.147625921716600   	16.2165815902284    	1.25565754794940    	20.9228834519609    	0.0924697319472537  	0.0709740873714312  	14.7761491543119    	19.6574210715627    	19.6291220045506    	19.9807222746429    	25.6315242965601    	0.876364405236763   	0.544931	2.38842809051751    
2.51	6.00	0.272146	0.650000	-0.196124645995185  	-0.160910362028856  	30	20	14	14	14	14	0	20.2572308317998    	29.8119301663550    	2.75785516553823e-007	4.18879020478639    	0.150907473484110   	16.2165815902284    	1.25565754794940    	20.9228834519609    	0.0924697319472537  	0.0709740873714312  	14.8950065030441    	21.4154433295338    	20.8988889031950    	20.6361480523526    	21.1104200729686    	0.859921260521347   	0.523997	2.38842809051751    
2.51	6.00	0.293080	0.700000	-0.195853393028381  	-0.153236200829210  	30	20	14	14	14	14	0	20.2785850843209    	29.8003633571845    	2.48163791441703e-006	4.18879020478639    	0.155076503105212   	16.2165815902284    	1.25565754794940    	20.9228834519609    	0.0924697319472537  	0.0709740873714312  	15.0376745443654    	21.3285885150638    	21.3828722926926    	21.3997485994857    	21.8654796635163    	0.849415441814659   	0.503063	2.38842809051751    
