Contact_Radius	Contact_Radius_norm	Height	Height_norm	Force_Eng	Force_Calc	Bottom_Angle	Top_Angle	Side_Angle	Front_Angle	Back_Angle	Cone_Angle	Tilt_Angle	Energy	Area	Scale	Volume	Pressure	Bottom_Length	Top_Length	Bottom_Area	Top_Area	Mean_curvature	Bottom_Angle_Calc	Top_Angle6	Top_Angle7	Top_Angle8	Top_Angle9	Average Wetted Height	Initial_guess_height	s_norm
3.17	12.0	0.000000	0.000000	-0.0872477222261626 	-0.137503014222940  	30	25	9	9	9	9	0	31.7262829149869    	37.6935055660079    	0.00539578627154258 	4.18879020478639    	0.0594661364537880  	15.7824834515107    	0.571826646796255   	19.8177159411745    	0.0169537097513318  	0.0662228905685228  	7.43560501841450    	25.1528973241560    	25.1728314271627    	25.1788236925808    	25.1800337223255    	0.609455980122523   	0.630446	3.78267738611256    
3.17	12.0	0.0132182	0.0500000	-0.0874483852277475 	-0.137683242464257  	30	25	9	9	9	9	0	31.7354080337381    	37.6945365076169    	0.0162531278823217  	4.18879020478639    	0.0593918310500161  	15.7824834515107    	0.571826646796255   	19.8177159411745    	0.0169537097513318  	0.0662228905685228  	7.43435966620777    	24.7871174357833    	24.6742097323522    	24.5938818398475    	24.7905460136207    	0.611389219885476   	0.617228	3.78267738611256    
3.17	12.0	0.0264363	0.100000	-0.0881761749483748 	-0.134914596202471  	30	25	9	9	9	9	0	31.7441816742271    	37.6938093002618    	0.000636994259744469	4.18879020478639    	0.0616337876237150  	15.7824834515107    	0.571826646796255   	19.8177159411745    	0.0169537097513318  	0.0662228905685228  	7.53334746871263    	22.7845694445647    	22.9719826375648    	23.0064455438889    	22.8515006793837    	0.610281834159190   	0.604010	3.78267738611256    
3.17	12.0	0.0396545	0.150000	-0.0875613692785251 	-0.134134718014621  	30	25	9	9	9	9	0	31.7523989050294    	37.6840844711673    	0.0179476889715149  	4.18879020478639    	0.0621406807958816  	15.7824834515107    	0.571826646796255   	19.8177159411745    	0.0169537097513318  	0.0662228905685228  	7.55218986307676    	24.4351129698925    	24.4138975457125    	24.4323184766017    	24.4357055600864    	0.594035254726975   	0.590792	3.78267738611256    
3.17	12.0	0.0528726	0.200000	-0.0875856617052481 	-0.131172741060272  	30	25	9	9	9	9	0	31.7603388471989    	37.6773091516856    	0.00332859908357778 	4.18879020478639    	0.0645755721600553  	15.7824834515107    	0.571826646796255   	19.8177159411745    	0.0169537097513318  	0.0662228905685228  	7.66076062132653    	24.3573430196892    	24.3550657389660    	24.3584086775321    	24.3534181621712    	0.583439765223542   	0.577574	3.78267738611256    
3.17	12.0	0.0660908	0.250000	-0.0879004315279898 	-0.130318014679978  	30	25	9	9	9	9	0	31.7681482057209    	37.6759401166000    	0.00342701928409311 	4.18879020478639    	0.0651812263512766  	15.7824834515107    	0.571826646796255   	19.8177159411745    	0.0169537097513318  	0.0662228905685228  	7.68505557299785    	23.5878645455769    	23.5827563075214    	23.5802984923054    	23.5888300349682    	0.581192617196251   	0.564355	3.78267738611256    
3.17	12.0	0.0793089	0.300000	-0.0877140267015298 	-0.128111045789625  	30	25	9	9	9	9	0	31.7754430763392    	37.6698770021705    	0.00356221167436315 	4.18879020478639    	0.0668121879656606  	15.7824834515107    	0.571826646796255   	19.8177159411745    	0.0169537097513318  	0.0662228905685228  	7.75266662733951    	24.0042486121775    	24.0843756864109    	24.0013131363159    	24.0428033262402    	0.571003587877359   	0.551137	3.78267738611256    
3.17	12.0	0.0925271	0.350000	-0.0882697558705875 	-0.124567295573868  	30	25	9	9	9	9	0	31.7822498875279    	37.6614756623114    	0.0467887637563971  	4.18879020478638    	0.0697449558053029  	15.7824834515107    	0.571826646796255   	19.8177159411745    	0.0169537097513318  	0.0662228905685228  	7.88405280554552    	22.2295547806592    	23.4696182896211    	22.7520904246793    	21.8894607045254    	0.555368358202259   	0.537919	3.78267738611256    
3.17	12.0	0.105745	0.400000	-0.0882574092912997 	-0.125071662244006  	30	25	9	9	9	9	0	31.7891228863660    	37.6614043911221    	0.0187263962930304  	4.18879020478639    	0.0694284310745390  	15.7824834515107    	0.571826646796255   	19.8177159411745    	0.0169537097513318  	0.0662228905685228  	7.87267770662486    	22.6920567244873    	22.4472175491084    	22.6923987709401    	22.7003586727735    	0.554751044324469   	0.524701	3.78267738611256    
3.17	12.0	0.118963	0.450000	-0.0899413705683924 	-0.124419234483527  	30	25	9	9	9	9	0	31.7956767182354    	37.6609908362696    	0.00957908447088678 	4.18879020478639    	0.0698500975421602  	15.7824834515107    	0.571826646796255   	19.8177159411745    	0.0169537097513318  	0.0662228905685228  	7.88827992195605    	14.7499411210489    	18.9375471500466    	16.4950975965043    	17.1340465890231    	0.558671798271375   	0.511483	3.78267738611256    
3.17	12.0	0.132182	0.500000	-0.0886370243400804 	-0.121102667870547  	30	25	9	9	9	9	0	31.8014032168783    	37.6533801195445    	0.0315877285024612  	4.18879020478637    	0.0725723387069499  	15.7824834515107    	0.571826646796255   	19.8177159411745    	0.0169537097513318  	0.0662228905685228  	8.00964663136582    	22.5085765787086    	20.6750469576925    	21.3461441513074    	21.6223943470947    	0.540422629438526   	0.498265	3.78267738611256    
3.17	12.0	0.145400	0.550000	-0.0892458332990540 	-0.120614533167755  	30	25	9	9	9	9	0	31.8071578256629    	37.6514431839507    	0.00349752166461956 	4.18879020478639    	0.0727319543731573  	15.7824834515107    	0.571826646796255   	19.8177159411745    	0.0169537097513318  	0.0662228905685228  	8.00999922692983    	20.7327634307731    	20.2029162401877    	19.5862329978601    	17.8483559506188    	0.536922676519236   	0.485047	3.78267738611256    
3.17	12.0	0.158618	0.600000	-0.0898407554256257 	-0.121691834368497  	30	25	9	9	9	9	0	31.8129695657067    	37.6526294511083    	0.0692899911718712  	4.18879020478637    	0.0722073465290942  	15.7824834515107    	0.571826646796255   	19.8177159411745    	0.0169537097513318  	0.0662228905685228  	7.99670010390072    	17.5654349965996    	16.3664603912484    	17.6895447417131    	17.8480133100231    	0.540846926405604   	0.471828	3.78267738611256    
3.17	12.0	0.171836	0.650000	-0.0895363422217460 	-0.120375265480304  	30	25	9	9	9	9	0	31.8180538165208    	37.6497911258302    	0.0223936401826198  	4.18879020478619    	0.0729705405878604  	15.7824834515107    	0.571826646796255   	19.8177159411745    	0.0169537097513318  	0.0662228905685228  	8.02182212039346    	17.2850194811808    	11.1333549637654    	17.1447762647665    	24.1735015936072    	0.537594172101138   	0.458610	3.78267738611256    
3.17	12.0	0.185054	0.700000	-0.0906433263155048 	-0.121663158115624  	30	25	9	9	9	9	0	31.8237049616273    	37.6527176125709    	0.0139479379801402  	4.18879020478639    	0.0719436580552271  	15.7824834515107    	0.571826646796255   	19.8177159411745    	0.0169537097513318  	0.0662228905685228  	7.97688269011417    	15.3538645710519    	11.9825036903878    	9.21572172030966    	9.49604757920093    	0.549175067103028   	0.445392	3.78267738611256    
