Contact_Radius	Contact_Radius_norm	Height	Height_norm	Force_Eng	Force_Calc	Bottom_Angle	Top_Angle	Side_Angle	Front_Angle	Back_Angle	Cone_Angle	Tilt_Angle	Energy	Area	Scale	Volume	Pressure	Bottom_Length	Top_Length	Bottom_Area	Top_Area	Mean_curvature	Bottom_Angle_Calc	Top_Angle6	Top_Angle7	Top_Angle8	Top_Angle9	Average Wetted Height	Initial_guess_height	s_norm
2.98	10.0	0.000000	0.000000	-0.0881171209526808 	-0.150761212886335  	30	25	9	9	9	9	0	28.1274508933063    	34.1379736069614    	0.00570434642313382 	4.18879020478639    	0.0755377460149625  	15.7824834515107    	0.571826646796255   	19.8177159411745    	0.0169537097513318  	0.0662228905685228  	8.90930460007853    	23.1262728015109    	22.8009193072058    	23.2818135756647    	22.6225495787746    	0.668219181493471   	0.670176	3.35087969768903    
2.98	10.0	0.0149215	0.0500000	-0.0878768888715511 	-0.145586577613084  	30	25	9	9	9	9	0	28.1380813508294    	34.1272664889267    	9.06531948322017e-005	4.18879020478639    	0.0793320738650484  	15.7824834515107    	0.571826646796255   	19.8177159411745    	0.0169537097513318  	0.0662228905685228  	9.06617994620948    	23.5863517841679    	23.6173076629372    	23.4859463934032    	23.5031105497145    	0.653796610995864   	0.655254	3.35087969768903    
2.98	10.0	0.0298429	0.100000	-0.0877527849590270 	-0.142844181673742  	30	25	9	9	9	9	0	28.1485166587538    	34.1195933234009    	0.0225085577384408  	4.18879020478638    	0.0812156279863113  	15.7824834515107    	0.571826646796255   	19.8177159411745    	0.0169537097513318  	0.0662228905685228  	9.14006863085297    	23.8469015210886    	23.8430351602943    	23.8457344551197    	23.8389576654833    	0.643199551070849   	0.640333	3.35087969768903    
2.98	10.0	0.0447644	0.150000	-0.0876403596420655 	-0.140756442459345  	30	25	9	9	9	9	0	28.1586150880875    	34.1154357997105    	0.0198287779184434  	4.18879020478639    	0.0828584632272581  	15.7824834515107    	0.571826646796255   	19.8177159411745    	0.0169537097513318  	0.0662228905685228  	9.21155572633097    	24.1012772041883    	24.1168523037441    	24.0954104418126    	24.1135134857619    	0.637170752199230   	0.625412	3.35087969768903    
2.98	10.0	0.0596858	0.200000	-0.0877642451133573 	-0.135812846619855  	30	25	9	9	9	9	0	28.1681583648173    	34.1051193271673    	0.0134787676288383  	4.18879020478639    	0.0864676175227523  	15.7824834515107    	0.571826646796255   	19.8177159411745    	0.0169537097513318  	0.0662228905685228  	9.36040324080582    	23.7835449149538    	23.7806938489785    	23.7795636840943    	23.7783472352504    	0.620765663463523   	0.610490	3.35087969768903    
2.98	10.0	0.0746073	0.250000	-0.0870316686921976 	-0.133365588766570  	30	25	9	9	9	9	0	28.1773883648940    	34.0971415272934    	0.00839129004225931 	4.18879020478633    	0.0885889766502335  	15.7824834515107    	0.571826646796255   	19.8177159411745    	0.0169537097513318  	0.0662228905685228  	9.45852251610466    	25.4874125849284    	25.4838308137989    	25.4700607239097    	25.4748972193754    	0.607270511022014   	0.595569	3.35087969768903    
2.98	10.0	0.0895287	0.300000	-0.0879743039717117 	-0.132861110137257  	30	25	9	9	9	9	0	28.1863498434733    	34.0988192187509    	0.000634502585017860	4.18879020478639    	0.0885628061990854  	15.7824834515107    	0.571826646796255   	19.8177159411745    	0.0169537097513318  	0.0662228905685228  	9.44494819347743    	23.2408812925045    	23.2382410761891    	23.2393116325348    	23.2355323128868    	0.610309883397946   	0.580647	3.35087969768903    
2.98	10.0	0.104450	0.350000	-0.0878563189956531 	-0.132772877865740  	30	25	9	9	9	9	0	28.1949868356752    	34.0979568551533    	0.000726697464755548	4.18879020478639    	0.0885713269397612  	15.7824834515107    	0.571826646796255   	19.8177159411745    	0.0169537097513318  	0.0662228905685228  	9.44352940110663    	23.5721865107783    	23.5699856008395    	23.5439050006792    	23.4630853191746    	0.608597822073875   	0.565726	3.35087969768903    
2.98	10.0	0.119372	0.400000	-0.0881912963243531 	-0.129384500515313  	30	25	9	9	9	9	0	28.2028705467951    	34.0906303442924    	0.00703474614060636 	4.18879020478639    	0.0913596442925294  	15.7824834515107    	0.571826646796255   	19.8177159411745    	0.0169537097513318  	0.0662228905685228  	9.56856275809162    	21.6454133862050    	23.0058756121632    	22.9878606649717    	22.9207491661059    	0.596990875005903   	0.550804	3.35087969768903    
2.98	10.0	0.134293	0.450000	-0.0881760624521978 	-0.126044431591169  	30	25	9	9	9	9	0	28.2104052469179    	34.0854506812549    	0.0188911752351789  	4.18879020478638    	0.0937048311509556  	15.7824834515107    	0.571826646796255   	19.8177159411745    	0.0169537097513318  	0.0662228905685228  	9.66241863126479    	22.3847919541968    	22.5701042402521    	22.4235803661213    	23.3042349609939    	0.586083801026149   	0.535883	3.35087969768903    
2.98	10.0	0.149215	0.500000	-0.0889610047414673 	-0.123075754911469  	30	25	9	9	9	9	0	28.2174474231423    	34.0795102722734    	0.0263549245530849  	4.18879020478631    	0.0956739533759631  	15.7824834515107    	0.571826646796255   	19.8177159411745    	0.0169537097513318  	0.0662228905685228  	9.73744400407309    	22.5081574830192    	18.0622684793020    	21.3086956880107    	19.1141173126095    	0.575967899468831   	0.520961	3.35087969768903    
2.98	10.0	0.164136	0.550000	-0.0897217192064589 	-0.121335995062715  	30	25	9	9	9	9	0	28.2242131706797    	34.0764290530520    	0.0337110615169769  	4.18879020478629    	0.0968544557529332  	15.7824834515107    	0.571826646796255   	19.8177159411745    	0.0169537097513318  	0.0662228905685228  	9.78335576752660    	18.5008303424922    	16.7544068756585    	17.2898977502264    	17.8047911688764    	0.570891848690556   	0.506040	3.35087969768903    
2.98	10.0	0.179057	0.600000	-0.0903691241734087 	-0.121177486588892  	30	25	9	9	9	9	0	28.2307915732238    	34.0757826840403    	0.0569346578372995  	4.18879020478613    	0.0969399784824723  	15.7824834515107    	0.571826646796255   	19.8177159411745    	0.0169537097513318  	0.0662228905685228  	9.78593056460415    	12.9105465720284    	13.5862689787069    	15.3466309787193    	14.7150823646281    	0.573226455663671   	0.491118	3.35087969768903    
2.98	10.0	0.193979	0.650000	-0.0905492229940983 	-0.123278205122887  	30	25	9	9	9	9	0	28.2380427099887    	34.0834021921223    	0.00219719237675126 	4.18879020478639    	0.0954884359638905  	15.7824834515107    	0.571826646796255   	19.8177159411745    	0.0169537097513318  	0.0662228905685228  	9.72858737431873    	8.87975901731022    	14.1206149875243    	7.63815095462724    	14.5027667797594    	0.600731000466519   	0.476197	3.35087969768903    
2.98	10.0	0.208900	0.700000	-0.0907283650499037 	-0.125903575396451  	30	25	9	9	9	9	0	28.2444436699875    	34.0830074025654    	0.0131718863655542  	4.18879020478639    	0.0934826586440596  	15.7824834515107    	0.571826646796255   	19.8177159411745    	0.0169537097513318  	0.0662228905685228  	9.64294578539901    	10.4689927656380    	10.9436188314211    	9.87620853157055    	10.2250009998125    	0.597592840291853   	0.461276	3.35087969768903    
