Contact_Radius	Contact_Radius_norm	Height	Height_norm	Force_Eng	Force_Calc	Bottom_Angle	Top_Angle	Side_Angle	Front_Angle	Back_Angle	Cone_Angle	Tilt_Angle	Energy	Area	Scale	Volume	Pressure	Bottom_Length	Top_Length	Bottom_Area	Top_Area	Mean_curvature	Bottom_Angle_Calc	Top_Angle6	Top_Angle7	Top_Angle8	Top_Angle9	Average Wetted Height	Initial_guess_height	s_norm
2.98	10.0	0.000000	0.000000	-0.0683100670761432 	-0.117479000838369  	30	50	9	9	9	9	0	28.1804426033546    	34.0456192730421    	0.0552430124813144  	4.18879020478637    	0.0998748054729149  	15.7824834515107    	0.571826646796255   	19.8177159411745    	0.0169537097513318  	0.0662228905685228  	9.91461101165313    	50.1348967192976    	50.0632526183707    	50.1048558547228    	50.1028227589369    	0.507279600413811   	0.670176	3.35087969768903    
2.98	10.0	0.0149215	0.0500000	-0.0683825539656261 	-0.115468479927378  	30	50	9	9	9	9	0	28.1873203055915    	34.0443290625779    	0.0271075869607322  	4.18879020478639    	0.101297406631425   	15.7824834515107    	0.571826646796255   	19.8177159411745    	0.0169537097513318  	0.0662228905685228  	9.97196138985771    	50.0282611762798    	50.0284205775508    	50.0280644396262    	50.0284980342384    	0.501697674385877   	0.655254	3.35087969768903    
2.98	10.0	0.0298429	0.100000	-0.0688974472739090 	-0.114067442498045  	30	50	9	9	9	9	0	28.1939268711360    	34.0436079663427    	0.0159108502665450  	4.18879020478638    	0.102379774824927   	15.7824834515107    	0.571826646796255   	19.8177159411745    	0.0169537097513318  	0.0662228905685228  	10.0185822253271    	49.5222938327490    	49.5230181927196    	49.5259876225145    	49.5454536216192    	0.497537160846047   	0.640333	3.35087969768903    
2.98	10.0	0.0447644	0.150000	-0.0684432846160210 	-0.112149265612740  	30	50	9	9	9	9	0	28.2002397580792    	34.0419790137837    	0.000505733437891373	4.18879020478639    	0.103667946587638   	15.7824834515107    	0.571826646796255   	19.8177159411745    	0.0169537097513318  	0.0662228905685228  	10.0682673811531    	49.9527997949270    	49.9933231757079    	49.9539691189142    	49.9554416986487    	0.490766460970301   	0.625412	3.35087969768903    
2.98	10.0	0.0596858	0.200000	-0.0685663951767708 	-0.110199977660972  	30	50	9	9	9	9	0	28.2062659359911    	34.0406540255202    	0.00262025201203722 	4.18879020478639    	0.105138962524052   	15.7824834515107    	0.571826646796255   	19.8177159411745    	0.0169537097513318  	0.0662228905685228  	10.1306021245378    	49.8299009759683    	49.8693678561648    	49.8404805540492    	49.8270438210484    	0.484766484974849   	0.610490	3.35087969768903    
2.98	10.0	0.0746073	0.250000	-0.0684233287097292 	-0.108383895982090  	30	50	9	9	9	9	0	28.2120020391114    	34.0393449112476    	0.0454706275858725  	4.18879020478636    	0.106415786390119   	15.7824834515107    	0.571826646796255   	19.8177159411745    	0.0169537097513318  	0.0662228905685228  	10.1818411585936    	50.0059439137815    	49.9503505224158    	50.0031715447545    	49.9442484450113    	0.478670086658855   	0.595569	3.35087969768903    
2.98	10.0	0.0895287	0.300000	-0.0695066554434062 	-0.107911873163747  	30	50	9	9	9	9	0	28.2174702963631    	34.0394058606610    	0.106597542806724   	4.18879020478634    	0.106777475039224   	15.7824834515107    	0.571826646796255   	19.8177159411745    	0.0169537097513318  	0.0662228905685228  	10.1973404361486    	48.9280305150781    	48.8015867477356    	48.8573399921111    	49.1074857831180    	0.476934274383435   	0.580647	3.35087969768903    
2.98	10.0	0.104450	0.350000	-0.0687018606109467 	-0.106140721376501  	30	50	9	9	9	9	0	28.2226233141983    	34.0382742766008    	0.110642848209013   	4.18879020478621    	0.108089449808520   	15.7824834515107    	0.571826646796255   	19.8177159411745    	0.0169537097513318  	0.0662228905685228  	10.2522016286301    	49.8207599802732    	49.3173971084199    	50.2167332847962    	49.4541765269345    	0.470926945231177   	0.565726	3.35087969768903    
2.98	10.0	0.119372	0.400000	-0.0695928745712923 	-0.104769791718895  	30	50	9	9	9	9	0	28.2274944672443    	34.0374432901967    	0.0767545831824639  	4.18879020478636    	0.109004804455786   	15.7824834515107    	0.571826646796255   	19.8177159411745    	0.0169537097513318  	0.0662228905685228  	10.2873489068765    	49.2427835526266    	48.8038375297229    	48.3268859319268    	48.9545529871413    	0.466118275311491   	0.550804	3.35087969768903    
2.98	10.0	0.134293	0.450000	-0.0700073281989629 	-0.105372319999110  	30	50	9	9	9	9	0	28.2321908267618    	34.0382137508405    	0.0985636679156918  	4.18879020478634    	0.108552532900915   	15.7824834515107    	0.571826646796255   	19.8177159411745    	0.0169537097513318  	0.0662228905685228  	10.2682474413783    	48.4987654276918    	48.0504950340560    	48.5428482925887    	48.6072031139226    	0.466996209390998   	0.535883	3.35087969768903    
2.98	10.0	0.149215	0.500000	-0.0720219695028332 	-0.105992538310392  	30	50	9	9	9	9	0	28.2366893498361    	34.0389581370831    	0.101851370221784   	4.18879020478629    	0.108189324427608   	15.7824834515107    	0.571826646796255   	19.8177159411745    	0.0169537097513318  	0.0662228905685228  	10.2560688094703    	46.6408480003476    	46.7376188811429    	46.5859529521413    	45.5629661911108    	0.467951733146653   	0.520961	3.35087969768903    
2.98	10.0	0.164136	0.550000	-0.0750921563020680 	-0.106440534359193  	30	50	9	9	9	9	0	28.2409576288414    	34.0395371727427    	0.0534561058756339  	4.18879020478605    	0.108025716364002   	15.7824834515107    	0.571826646796255   	19.8177159411745    	0.0169537097513318  	0.0662228905685228  	10.2544916577932    	37.1156103073685    	40.5870680292962    	47.3341319904680    	46.3473972060436    	0.469560918759947   	0.506040	3.35087969768903    
2.98	10.0	0.179057	0.600000	-0.0776620482365711 	-0.107126392217182  	30	50	9	9	9	9	0	28.2451349743629    	34.0406185369050    	0.0224131775786239  	4.18879020478637    	0.107216852092528   	15.7824834515107    	0.571826646796255   	19.8177159411745    	0.0169537097513318  	0.0662228905685228  	10.2112546306604    	40.9423092003713    	37.2945572541016    	42.1092179275797    	39.7570173742493    	0.471996871820337   	0.491118	3.35087969768903    
2.98	10.0	0.193979	0.650000	-0.0788774000813513 	-0.109528564914344  	30	50	9	9	9	9	0	28.2495419561149    	34.0430630266684    	0.0510016999910565  	4.18879020478636    	0.105464242819193   	15.7824834515107    	0.571826646796255   	19.8177159411745    	0.0169537097513318  	0.0662228905685228  	10.1388176276913    	47.2246243216053    	43.3811061203486    	32.1965363278455    	27.3274328560003    	0.479727322398454   	0.476197	3.35087969768903    
2.98	10.0	0.208900	0.700000	-0.0807354932014678 	-0.108214138502207  	30	50	9	9	9	9	0	28.2527273709282    	34.0418495483600    	0.0596050632313882  	4.18879020478628    	0.106398151117824   	15.7824834515107    	0.571826646796255   	19.8177159411745    	0.0169537097513318  	0.0662228905685228  	10.1766179892674    	35.3036453463908    	32.6148081960570    	32.4654350017439    	42.7928490535702    	0.474505344254886   	0.461276	3.35087969768903    
