Contact_Radius	Contact_Radius_norm	Height	Height_norm	Force_Eng	Force_Calc	Bottom_Angle	Top_Angle	Side_Angle	Front_Angle	Back_Angle	Cone_Angle	Tilt_Angle	Energy	Area	Scale	Volume	Pressure	Bottom_Length	Top_Length	Bottom_Area	Top_Area	Mean_curvature	Bottom_Angle_Calc	Top_Angle6	Top_Angle7	Top_Angle8	Top_Angle9	Average Wetted Height	Initial_guess_height	s_norm
2.71	7.50	0.000000	0.000000	-0.116139384235986  	-0.0817822030836948 	30	20	5	5	5	5	0	23.3967548086762    	26.6840394004390    	0.00549204123509238 	4.18879020478639    	0.146220644621451   	17.0199231974736    	0.732151511715099   	23.0471967815353    	0.0125135743184095  	0.0744789816210623  	13.1907141597552    	7.36428487414948    	7.47372850137234    	7.24004017419099    	7.16462377941673    	0.660565720395101   	0.738259	2.76847070288796    
2.71	7.50	0.0180605	0.0500000	-0.124594322322660  	-0.0870238453225976 	30	20	5	5	5	5	0	23.4049482590237    	26.6901963231962    	0.0142403286387315  	4.18879020478638    	0.143448144343590   	17.0199231993425    	0.786377379729206   	23.0471967916581    	0.0123246870667925  	0.0797209704182806  	13.0836752417270    	6.61722899337252    	6.72447499302255    	6.46441124152085    	12.1496405304201    	0.675062204469972   	0.720198	2.76847070288796    
2.71	7.50	0.0361210	0.100000	-0.120999038774216  	-0.0834697264332503 	30	20	5	5	5	5	0	23.4111351622506    	26.6852514809515    	0.00318499315215790 	4.18879020478639    	0.145286540369961   	17.0199231991145    	0.761935662631898   	23.0471967904228    	0.0112922266477435  	0.0806473312620977  	13.1529409703135    	5.32200197621954    	5.50592417997134    	5.60202128093962    	5.71256677072074    	0.669244318921763   	0.702138	2.76847070288796    
2.71	7.50	0.0541815	0.150000	-0.112309263628981  	-0.0798333400554596 	30	20	5	5	5	5	0	23.4167759247322    	26.6783217660576    	0.0250470252042928  	4.18879020478639    	0.147177713918645   	17.0199231979355    	0.708023818918117   	23.0471967840369    	0.0101263254670141  	0.0764228417892968  	13.2246451036333    	10.7351265260399    	5.24536148190421    	4.76870528914402    	4.98415527410771    	0.654125516756945   	0.684077	2.76847070288796    
2.71	7.50	0.0722421	0.200000	-0.113270616809019  	-0.0787268063863598 	30	20	5	5	5	5	0	23.4228166270772    	26.6763162285221    	0.0150053458946393  	4.18879020478639    	0.147740258985504   	17.0199231981303    	0.713185931699209   	23.0471967850919    	0.00938004302371325 	0.0810524879370494  	13.2454379329245    	3.85841412340656    	4.51692688659718    	3.75032269429929    	4.24425012940456    	0.655338619974747   	0.666017	2.76847070288796    
2.71	7.50	0.0903026	0.250000	-0.114593963362286  	-0.0824864483644864 	30	20	5	5	5	5	0	23.4297775423311    	26.6788508649797    	0.0151455554980304  	4.18879020478639    	0.145752857783066   	17.0199231995845    	0.721439782129499   	23.0471967929689    	0.00896950845768964 	0.0794843617265723  	13.1687375729818    	4.07555715558215    	3.71800089701819    	4.10821556430994    	4.00990535226487    	0.658416550126263   	0.647956	2.76847070288796    
2.71	7.50	0.108363	0.300000	-0.114237709668835  	-0.0829752983559031 	30	20	5	5	5	5	0	23.4357104649611    	26.6778452474472    	0.00991727616659192 	4.18879020478639    	0.145475564483453   	17.0199232000514    	0.720228337494428   	23.0471967954980    	0.00832596414504709 	0.0801710025852407  	13.1572619986874    	8.95375718629938    	2.63856120831032    	3.06390624018481    	9.50923430972921    	0.662073397449367   	0.629896	2.76847070288796    
2.71	7.50	0.126424	0.350000	-0.115975006380156  	-0.0836216533711502 	30	20	5	5	5	5	0	23.4415501691809    	26.6779735916434    	0.00397567813986079 	4.18879020478639    	0.145112689007379   	17.0199232006323    	0.730554588757712   	23.0471967986445    	0.00779623975645596 	0.0821980364930202  	13.1423894726730    	8.34379468468818    	4.09749010937838    	3.28006039646070    	8.38156252359873    	0.662307512609397   	0.611835	2.76847070288796    
2.71	7.50	0.144484	0.400000	-0.118146390318329  	-0.0861369790968829 	30	20	5	5	5	5	0	23.4477581691875    	26.6792944582601    	0.00100589356330993 	4.18879020478639    	0.143763370712870   	17.0199232014757    	0.743784359284287   	23.0471968032121    	0.00734296160049252 	0.0791678189982823  	13.0895256147720    	3.24110444970678    	3.05854270496828    	3.21297894775147    	3.04455177698770    	0.667386501299318   	0.593775	2.76847070288796    
2.71	7.50	0.162545	0.450000	-0.125553949523623  	-0.0905685765099163 	30	20	5	5	5	5	0	23.4542679272725    	26.6825116914766    	0.0140151129040876  	4.18879020478639    	0.141416609668197   	17.0199232022612    	0.790395619139510   	23.0471968074671    	0.00703758214477052 	0.0796728810057454  	12.9988457570844    	3.01493607925528    	2.77277347396955    	2.78383889026746    	3.12325768187715    	0.675929074694404   	0.575714	2.76847070288796    
2.71	7.50	0.180605	0.500000	-0.110779845378879  	-0.0895893073368460 	30	20	5	5	5	5	0	23.4588445525826    	26.6791079339418    	0.00633081208128733 	4.18879020478637    	0.141928362565226   	17.0199232022021    	0.697548845449405   	23.0471968071472    	0.00629740801654466 	0.0774957278535372  	13.0183376411334    	2.27063880678077    	2.72377819752784    	2.78786416279493    	2.71888584905965    	0.664292291276035   	0.557654	2.76847070288796    
2.71	7.50	0.198666	0.550000	-0.116336192295458  	-0.0945201098109327 	30	20	5	5	5	5	0	23.4653622145702    	26.6828188979604    	0.00469471620765183 	4.18879020478633    	0.139310043689056   	17.0199232029787    	0.734587916328469   	23.0471968113532    	0.00603708862368602 	0.0770237721953024  	12.9169006639440    	8.29391128358749    	3.09398930208138    	14.0301553501821    	3.05814997861580    	0.674180697697084   	0.539593	2.76847070288796    
2.71	7.50	0.216726	0.600000	-0.125317400226619  	-0.0953073855583893 	30	20	5	5	5	5	0	23.4701948974192    	26.6831952117200    	0.00945684674095685 	4.18879020478639    	0.138861604345714   	17.0199232033157    	0.788967950915979   	23.0471968131787    	0.00562376376794039 	0.0763169193928376  	12.8982900113427    	2.33820469810090    	2.48589598004257    	2.46428114318850    	2.42748877450825    	0.677222970546656   	0.521533	2.76847070288796    
2.71	7.50	0.234787	0.650000	-0.124095452634920  	-0.0978984878162901 	30	20	5	5	5	5	0	23.4755802363424    	26.6841513464237    	0.00475701706635003 	4.18879020478639    	0.137478222911712   	17.0199232036727    	0.781312368921699   	23.0471968151124    	0.00521295842221273 	0.0755101897587129  	12.8444113773556    	7.99497730136760    	2.35689466970015    	2.36065296716578    	2.41151726617247    	0.678574244541103   	0.503472	2.76847070288796    
2.71	7.50	0.252847	0.700000	-0.131936324476065  	-0.0995705338115963 	30	20	5	5	5	5	0	23.4804255284821    	26.6851448427924    	0.00799091191728117 	4.18879020478634    	0.136606968128995   	17.0199232039903    	0.830814840871206   	23.0471968168327    	0.00485570727032150 	0.0762735690831313  	12.8113558020363    	1.93232534569697    	2.17803357642707    	1.94094684283534    	1.79274126745756    	0.682827579724260   	0.485412	2.76847070288796    
