Contact_Radius	Contact_Radius_norm	Height	Height_norm	Force_Eng	Force_Calc	Bottom_Angle	Top_Angle	Side_Angle	Front_Angle	Back_Angle	Cone_Angle	Tilt_Angle	Energy	Area	Scale	Volume	Pressure	Bottom_Length	Top_Length	Bottom_Area	Top_Area	Mean_curvature	Bottom_Angle_Calc	Top_Angle6	Top_Angle7	Top_Angle8	Top_Angle9	Average Wetted Height	Initial_guess_height	s_norm
2.58	6.50	0.000000	0.000000	-0.198337384863954  	-0.249434605688460  	30	10	13	13	13	13	0	20.9671852266471    	30.4187006155799    	0.0281595992034714  	4.18879020478639    	0.0860965310965186  	16.2165815902284    	1.25565754794940    	20.9228834519609    	0.0924697319472537  	0.0709740873714312  	11.9892168089280    	10.5027554852022    	10.1581736462214    	10.1464474591662    	9.99280426999569    	1.03601467044768    	0.774831	2.51820050838064    
2.58	6.50	0.0198554	0.0500000	-0.198045942490236  	-0.247258946082741  	30	10	13	13	13	13	0	21.0001274436285    	30.4220048472329    	0.000909848508563153	4.18879020478639    	0.0871682506159536  	16.2165815902284    	1.25565754794940    	20.9228834519609    	0.0924697319472537  	0.0709740873714312  	12.0208354584791    	9.07184210529536    	9.02829078902631    	8.87211099064612    	8.58368037474798    	1.03953042337555    	0.754975	2.51820050838064    
2.58	6.50	0.0397109	0.100000	-0.198147093955568  	-0.235281442949160  	30	10	13	13	13	13	0	21.0331497314850    	30.3840293531676    	0.00630460719670190 	4.18879020478639    	0.0939078132803894  	16.2165815902284    	1.25565754794940    	20.9228834519609    	0.0924697319472537  	0.0709740873714312  	12.2584697815948    	9.46712810861160    	9.56431184393509    	9.45275734738139    	15.1296734365419    	1.01832377181503    	0.735120	2.51820050838064    
2.58	6.50	0.0595663	0.150000	-0.198285555346077  	-0.225698166447526  	30	10	13	13	13	13	0	21.0651078081726    	30.3450274450006    	0.0131330995352203  	4.18879020478639    	0.0995245326621459  	16.2165815902284    	1.25565754794940    	20.9228834519609    	0.0924697319472537  	0.0709740873714312  	12.4657415201303    	11.2482635480244    	11.0992222660879    	11.6941927619351    	11.0132587877402    	0.994656027006139   	0.715265	2.51820050838064    
2.58	6.50	0.0794218	0.200000	-0.198164111872553  	-0.218007573353850  	30	10	13	13	13	13	0	21.0955227557916    	30.3276343208140    	0.000795974652422595	4.18879020478639    	0.103765922414199   	16.2165815902284    	1.25565754794940    	20.9228834519609    	0.0924697319472537  	0.0709740873714312  	12.6120437760245    	10.5434066303874    	11.1613866445269    	10.9198733701428    	10.4801429525424    	0.985115689204263   	0.695409	2.51820050838064    
2.58	6.50	0.0992772	0.250000	-0.198247254551534  	-0.210853601870646  	30	10	13	13	13	13	0	21.1252461403416    	30.2908599113447    	0.00359025341559487 	4.18879020478639    	0.107890669624786   	16.2165815902284    	1.25565754794940    	20.9228834519609    	0.0924697319472537  	0.0709740873714312  	12.7618030376665    	12.3909591518284    	12.5582722924527    	12.3942531143126    	12.4973000574280    	0.960224955139087   	0.675554	2.51820050838064    
2.58	6.50	0.119133	0.300000	-0.198035939593459  	-0.203547328778757  	30	10	13	13	13	13	0	21.1533027340871    	30.2872774742424    	5.04411981448492e-006	4.18879020478639    	0.112014376818159   	16.2165815902284    	1.25565754794940    	20.9228834519609    	0.0924697319472537  	0.0709740873714312  	12.9081034358054    	10.6451927416996    	10.8679973992329    	15.6826522668611    	11.0775068482755    	0.960402545325167   	0.655698	2.51820050838064    
2.58	6.50	0.138988	0.350000	-0.198088894046353  	-0.196954929935485  	30	10	13	13	13	13	0	21.1807042802211    	30.2580783541876    	0.00369101607558858 	4.18879020478639    	0.115769398363816   	16.2165815902284    	1.25565754794940    	20.9228834519609    	0.0924697319472537  	0.0709740873714312  	13.0427801187113    	11.7856021201008    	11.6913869626854    	11.6190321238247    	11.7097076340541    	0.939105357489826   	0.635843	2.51820050838064    
2.58	6.50	0.158844	0.400000	-0.198050625512244  	-0.188915186629421  	30	10	13	13	13	13	0	21.2068867578098    	30.2390507950644    	0.00158176915879503 	4.18879020478639    	0.120044986094117   	16.2165815902284    	1.25565754794940    	20.9228834519609    	0.0924697319472537  	0.0709740873714312  	13.1840540012037    	12.5732244014991    	12.4171620247709    	12.5803377784299    	14.6795956850556    	0.925910828832035   	0.615987	2.51820050838064    
2.58	6.50	0.178699	0.450000	-0.198028245451261  	-0.183699210492196  	30	10	13	13	13	13	0	21.2320466493220    	30.2132174250329    	0.0650615639964923  	4.18879020478639    	0.123254744365115   	16.2165815902284    	1.25565754794940    	20.9228834519609    	0.0924697319472537  	0.0709740873714312  	13.3088604781330    	12.7174562676041    	12.8999030784111    	13.1579716016808    	13.3705104075095    	0.905637653827941   	0.596132	2.51820050838064    
2.58	6.50	0.198554	0.500000	-0.197958743368072  	-0.174999569230150  	30	10	13	13	13	13	0	21.2558750559913    	30.1972310127909    	0.000321218286530114	4.18879020478639    	0.127618421795432   	16.2165815902284    	1.25565754794940    	20.9228834519609    	0.0924697319472537  	0.0709740873714312  	13.4419221200085    	12.5222696402851    	12.4005723247912    	12.4015621912729    	12.9770652461516    	0.893460467513896   	0.576276	2.51820050838064    
2.58	6.50	0.218410	0.550000	-0.197898081992190  	-0.169497203762527  	30	10	13	13	13	13	0	21.2785421755247    	30.1825284548929    	0.000740728200470702	4.18879020478639    	0.131040314150944   	16.2165815902284    	1.25565754794940    	20.9228834519609    	0.0924697319472537  	0.0709740873714312  	13.5764541785230    	12.6245338917826    	13.8148595274846    	14.2091254338096    	13.1817783226659    	0.881780794739780   	0.556421	2.51820050838064    
2.58	6.50	0.238265	0.600000	-0.197857362391446  	-0.164361626813107  	30	10	13	13	13	13	0	21.3001293731408    	30.1672151018564    	6.79292774284455e-005	4.18879020478639    	0.133980512519783   	16.2165815902284    	1.25565754794940    	20.9228834519609    	0.0924697319472537  	0.0709740873714312  	13.6827924371606    	13.8004757765765    	12.5858606553572    	13.7648020433817    	13.7533137824782    	0.867992274576319   	0.536566	2.51820050838064    
2.58	6.50	0.258121	0.650000	-0.197709040951102  	-0.159950646707146  	30	10	13	13	13	13	0	21.3205808509739    	30.1477867477691    	0.00199654741055480 	4.18879020478639    	0.136613550473609   	16.2165815902284    	1.25565754794940    	20.9228834519609    	0.0924697319472537  	0.0709740873714312  	13.7823615787526    	15.3972396644471    	14.3829589005877    	15.2239485981041    	14.9392048386478    	0.850519382976910   	0.516710	2.51820050838064    
2.58	6.50	0.277976	0.700000	-0.197727779468198  	-0.152702698498647  	30	10	13	13	13	13	0	21.3395167537369    	30.1399808994140    	4.30699006791573e-005	4.18879020478639    	0.140679273975322   	16.2165815902284    	1.25565754794940    	20.9228834519609    	0.0924697319472537  	0.0709740873714312  	13.9261994698867    	14.2374904373098    	14.4705530761691    	13.8136193071273    	14.2971142731618    	0.844553332721502   	0.496855	2.51820050838064    
