Contact_Radius	Contact_Radius_norm	Height	Height_norm	Force_Eng	Force_Calc	Bottom_Angle	Top_Angle	Cone_Angle	Tilt_Angle	Energy	Area	Scale	Volume	Pressure	Bottom_Length	Top_Length	Bottom_Area	Top_Area	Mean_curvature	Bottom_Angle_Calc	Top_Angle_Calc	Average Wetted Height	Initial_guess_height	s_norm
3.08	11.0	0.000000	0.000000	-0.0195358986025147 	-0.0524097561036826 	30	35	6	0	30.0355082318220    	33.0596470890423    	0.0368733281100611  	4.18879020478639    	0.102091509673725   	18.4305702903831    	0.200079552861820   	27.0307436362300    	0.00318519696746142 	0.000000000000000   	9.64813708967589    	58.0393895368328    	0.400923790465270   	0.649094	3.57001849096078    
3.08	11.0	0.0140055	0.0500000	-0.0192253432052993 	-0.0512341313952510 	30	35	6	0	30.0387894755732    	33.0590402132234    	0.0395234069442567  	4.18879020478639    	0.102646414307084   	18.4305702903831    	0.200079552861820   	27.0307436362300    	0.00318519696746142 	0.000000000000000   	9.67214373248402    	58.7441024916621    	0.382649928542146   	0.635089	3.57001849096078    
3.08	11.0	0.0280111	0.100000	-0.0186102995264223 	-0.0500177964312776 	30	35	6	0	30.0419336248306    	33.0584880929252    	0.0405494454267341  	4.18879020478639    	0.103211900067842   	18.4305702903831    	0.200079552861820   	27.0307436362300    	0.00318519696746142 	0.000000000000000   	9.69624741510668    	60.1213525468119    	0.364443545335274   	0.621083	3.57001849096078    
3.08	11.0	0.0420166	0.150000	-0.0181100708219725 	-0.0488684333158101 	30	35	6	0	30.0449290927469    	33.0578892828250    	0.0415492969704841  	4.18879020478639    	0.103733271902250   	18.4305702903831    	0.200079552861820   	27.0307436362300    	0.00318519696746142 	0.000000000000000   	9.71791908752029    	61.2239804124919    	0.345841260604068   	0.607078	3.57001849096078    
3.08	11.0	0.0560221	0.200000	-0.0174345495471661 	-0.0476868911785828 	30	35	6	0	30.0477761021109    	33.0573110192399    	0.0353517441817802  	4.18879020478639    	0.104275770192998   	18.4305702903831    	0.200079552861820   	27.0307436362300    	0.00318519696746142 	0.000000000000000   	9.74075567723553    	62.6902674901024    	0.327116134150067   	0.593072	3.57001849096078    
3.08	11.0	0.0700276	0.250000	-0.0168370729646288 	-0.0464810886490606 	30	35	6	0	30.0504672494279    	33.0567773219640    	0.0350376269784160  	4.18879020478639    	0.104836961614274   	18.4305702903831    	0.200079552861820   	27.0307436362300    	0.00318519696746142 	0.000000000000000   	9.76470689145403    	63.9667780652338    	0.308457056126899   	0.579067	3.57001849096078    
3.08	11.0	0.0840332	0.300000	-0.0166079003897576 	-0.0451836900113041 	30	35	6	0	30.0529843577051    	33.0562853021338    	0.0335820191186485  	4.18879020478639    	0.105478764772053   	18.4305702903831    	0.200079552861820   	27.0307436362300    	0.00318519696746142 	0.000000000000000   	9.79371830609368    	64.4512184592221    	0.289952118084196   	0.565061	3.57001849096078    
3.08	11.0	0.0980387	0.350000	-0.0158815190286053 	-0.0443563761175826 	30	35	6	0	30.0553627808140    	33.0558901047293    	0.0272969373603836  	4.18879020478639    	0.105857176985230   	18.4305702903831    	0.200079552861820   	27.0307436362300    	0.00318519696746142 	0.000000000000000   	9.80958876612279    	65.9722444787284    	0.271860146098308   	0.551056	3.57001849096078    
3.08	11.0	0.112044	0.400000	-0.0149350607181174 	-0.0426901822315651 	30	35	6	0	30.0575948158641    	33.0552985310663    	0.0241539360236750  	4.18879020478639    	0.106640640009284   	18.4305702903831    	0.200079552861820   	27.0307436362300    	0.00318519696746142 	0.000000000000000   	9.84337459368041    	67.9196127126393    	0.251983307978097   	0.537050	3.57001849096078    
3.08	11.0	0.126050	0.450000	-0.0141059288182306 	-0.0424311227268239 	30	35	6	0	30.0596621359601    	33.0549859004977    	0.0240979611225484  	4.18879020478639    	0.106722253567224   	18.4305702903831    	0.200079552861820   	27.0307436362300    	0.00318519696746142 	0.000000000000000   	9.84519941942269    	69.5975419876055    	0.233965363132711   	0.523045	3.57001849096078    
3.08	11.0	0.140055	0.500000	-0.0127185562927169 	-0.0410722977049018 	30	35	6	0	30.0615982457189    	33.0543758367282    	0.0191024756909628  	4.18879020478639    	0.107326203882046   	18.4305702903831    	0.200079552861820   	27.0307436362300    	0.00318519696746142 	0.000000000000000   	9.86977139490660    	72.3521016910406    	0.213006114373203   	0.509039	3.57001849096078    
3.08	11.0	0.154061	0.550000	-0.0119303311506909 	-0.0406170404359920 	30	35	6	0	30.0633542281718    	33.0540684374242    	0.0230761463919203  	4.18879020478639    	0.107552842714033   	18.4305702903831    	0.200079552861820   	27.0307436362300    	0.00318519696746142 	0.000000000000000   	9.88007642548594    	73.8912603686773    	0.194370946760244   	0.495033	3.57001849096078    
3.08	11.0	0.168066	0.600000	-0.0104808617000165 	-0.0392023238756013 	30	35	6	0	30.0649674751731    	33.0535084963380    	0.0219453403456366  	4.18879020478639    	0.108175368904418   	18.4305702903831    	0.200079552861820   	27.0307436362300    	0.00318519696746142 	0.000000000000000   	9.90512734643190    	76.6791890862304    	0.172593635879208   	0.481028	3.57001849096078    
3.08	11.0	0.182072	0.650000	-0.00959921638591253	-0.0402735372583024 	30	35	6	0	30.0664214691196    	33.0536482332272    	0.0199076187650167  	4.18879020478639    	0.107604640121808   	18.4305702903831    	0.200079552861820   	27.0307436362300    	0.00318519696746142 	0.000000000000000   	9.87768399641595    	78.3524165386169    	0.157963320305712   	0.467022	3.57001849096078    
3.08	11.0	0.196077	0.700000	-0.00863865772653937	-0.0401787809852504 	30	35	6	0	30.0677097052724    	33.0535016751499    	0.0187483290520913  	4.18879020478639    	0.107598189312443   	18.4305702903831    	0.200079552861820   	27.0307436362300    	0.00318519696746142 	0.000000000000000   	9.87525507658272    	80.1573484987225    	0.140268523561432   	0.453017	3.57001849096078    
