Contact_Radius	Contact_Radius_norm	Height	Height_norm	Force_Eng	Force_Calc	Bottom_Angle	Top_Angle	Side_Angle	Front_Angle	Back_Angle	Cone_Angle	Tilt_Angle	Energy	Area	Scale	Volume	Pressure	Bottom_Length	Top_Length	Bottom_Area	Top_Area	Mean_curvature	Bottom_Angle_Calc	Top_Angle6	Top_Angle7	Top_Angle8	Top_Angle9	Average Wetted Height	Initial_guess_height	s_norm
2.93	9.50	0.000000	0.000000	-0.160319048642305  	-0.167771634191754  	30	50	14	14	14	14	0	27.1409750722075    	36.6457745719086    	0.00390784918224292 	4.18879020478639    	0.0707967287288558  	16.2165815902284    	1.25565754794940    	20.9228834519609    	0.0924697319472537  	0.0709740873714312  	8.99491935453203    	50.1538128974568    	50.1540228181797    	50.1540812564394    	50.1540917526268    	0.646131354392192   	0.681815	3.23861896891335    
2.93	9.50	0.0154387	0.0500000	-0.159915746354656  	-0.163853298312620  	30	50	14	14	14	14	0	27.1559852269256    	36.6435104939926    	0.000194172881854475	4.18879020478639    	0.0730699303655001  	16.2165815902284    	1.25565754794940    	20.9228834519609    	0.0924697319472537  	0.0709740873714312  	9.07699677310702    	50.3333493785911    	50.3333547897463    	50.3333610596029    	50.3333488234518    	0.640151417540211   	0.666376	3.23861896891335    
2.93	9.50	0.0308774	0.100000	-0.160279092160265  	-0.162443517951464  	30	50	14	14	14	14	0	27.1705039821689    	36.6435458457023    	0.000373969290215559	4.18879020478639    	0.0740684463776832  	16.2165815902284    	1.25565754794940    	20.9228834519609    	0.0924697319472537  	0.0709740873714312  	9.12005633148946    	50.1396926325731    	50.1573209534340    	50.1480794922268    	50.1549855473465    	0.637130109146031   	0.650937	3.23861896891335    
2.93	9.50	0.0463160	0.150000	-0.160131575055522  	-0.157088219316417  	30	50	14	14	14	14	0	27.1844719886653    	36.6391398091513    	0.0480818596735429  	4.18879020478639    	0.0774487827240192  	16.2165815902284    	1.25565754794940    	20.9228834519609    	0.0924697319472537  	0.0709740873714312  	9.25276109734393    	50.1953793259592    	50.1977371567671    	50.2016203520152    	50.1953050156516    	0.628149448446913   	0.635498	3.23861896891335    
2.93	9.50	0.0617547	0.200000	-0.160129547055363  	-0.153370457724341  	30	50	14	14	14	14	0	27.1979365188478    	36.6362541054517    	0.000280507202573786	4.18879020478639    	0.0799672700286283  	16.2165815902284    	1.25565754794940    	20.9228834519609    	0.0924697319472537  	0.0709740873714312  	9.35778711627070    	50.1835702797261    	50.1779165247683    	50.1798997557734    	50.1806051592685    	0.621061123765143   	0.620060	3.23861896891335    
2.93	9.50	0.0771934	0.250000	-0.160122475150425  	-0.149967595572161  	30	50	14	14	14	14	0	27.2108746597487    	36.6345759702615    	3.14893438933404e-005	4.18879020478639    	0.0821951113047100  	16.2165815902284    	1.25565754794940    	20.9228834519609    	0.0924697319472537  	0.0709740873714312  	9.44815014309659    	50.1677419770368    	50.1679276528620    	50.1682238821877    	50.1681350565155    	0.615585709081674   	0.604621	3.23861896891335    
2.93	9.50	0.0926321	0.300000	-0.160165641488293  	-0.145507824655437  	30	50	14	14	14	14	0	27.2232560832332    	36.6306284347449    	0.00559637412310094 	4.18879020478639    	0.0850465515374343  	16.2165815902284    	1.25565754794940    	20.9228834519609    	0.0924697319472537  	0.0709740873714312  	9.56149102985123    	50.1217904649911    	50.1331446746996    	50.1257861061207    	50.1257952090955    	0.606617143175599   	0.589182	3.23861896891335    
2.93	9.50	0.108071	0.350000	-0.159973536285731  	-0.141272538984261  	30	50	14	14	14	14	0	27.2351072778729    	36.6273651267709    	0.00327959664516053 	4.18879020478639    	0.0877946557724262  	16.2165815902284    	1.25565754794940    	20.9228834519609    	0.0924697319472537  	0.0709740873714312  	9.67217585348048    	50.1992386703426    	50.2015792603309    	50.1995165855890    	50.2009281148355    	0.598227278780387   	0.573744	3.23861896891335    
2.93	9.50	0.123509	0.400000	-0.159806931186838  	-0.137098187252544  	30	50	14	14	14	14	0	27.2464067735358    	36.6243145769901    	0.000576261186956168	4.18879020478639    	0.0905375039897555  	16.2165815902284    	1.25565754794940    	20.9228834519609    	0.0924697319472537  	0.0709740873714312  	9.78387551779668    	50.2614446619199    	50.2619641566073    	50.2613528894263    	50.2614442518752    	0.590130524018467   	0.558305	3.23861896891335    
2.93	9.50	0.138948	0.450000	-0.159800412787880  	-0.133181407736888  	30	50	14	14	14	14	0	27.2571307331582    	36.6211017921062    	0.0136742224688948  	4.18879020478639    	0.0930537369614990  	16.2165815902284    	1.25565754794940    	20.9228834519609    	0.0924697319472537  	0.0709740873714312  	9.88441198643908    	50.2462223943694    	50.2469018480641    	50.2468705158887    	50.2470388471871    	0.581414980994072   	0.542866	3.23861896891335    
2.93	9.50	0.154387	0.500000	-0.159407292871129  	-0.128660446099249  	30	50	14	14	14	14	0	27.2672741228296    	36.6171188706778    	0.0117531084650193  	4.18879020478642    	0.0960519006189669  	16.2165815902284    	1.25565754794940    	20.9228834519609    	0.0924697319472537  	0.0709740873714312  	10.0075352792068    	50.4156873405294    	50.4161603202281    	50.4155771777757    	50.4151604783092    	0.570956945679131   	0.527428	3.23861896891335    
2.93	9.50	0.169825	0.550000	-0.159693805655293  	-0.124156567404850  	30	50	14	14	14	14	0	27.2768313845325    	36.6138669432789    	0.0713824152333127  	4.18879020478640    	0.0988734730678977  	16.2165815902284    	1.25565754794940    	20.9228834519609    	0.0924697319472537  	0.0709740873714312  	10.1178297128812    	50.2563397990261    	50.2564614746814    	50.2581016892515    	50.2567756047379    	0.561534832802081   	0.511989	3.23861896891335    
2.93	9.50	0.185264	0.600000	-0.159829906644183  	-0.119787399601386  	30	50	14	14	14	14	0	27.2857850469396    	36.6105499198053    	0.000532811299599728	4.18879020478639    	0.101735780158092   	16.2165815902284    	1.25565754794940    	20.9228834519609    	0.0924697319472537  	0.0709740873714312  	10.2342608013684    	50.1698979053899    	50.1696174022750    	50.1718816285451    	50.1703245419039    	0.551381257458621   	0.496550	3.23861896891335    
2.93	9.50	0.200703	0.650000	-0.159829992613155  	-0.115269715186464  	30	50	14	14	14	14	0	27.2941043863862    	36.6064580014875    	0.00751670841431653 	4.18879020478639    	0.104683722521344   	16.2165815902284    	1.25565754794940    	20.9228834519609    	0.0924697319472537  	0.0709740873714312  	10.3538183194534    	50.1491747962508    	50.1433279952565    	50.1477059042687    	50.1570211200543    	0.539030383996875   	0.481112	3.23861896891335    
2.93	9.50	0.216142	0.700000	-0.159568758461596  	-0.111074596673200  	30	50	14	14	14	14	0	27.3017794909932    	36.6030232943869    	0.0485875240951330  	4.18879020478638    	0.107406400894849   	16.2165815902284    	1.25565754794940    	20.9228834519609    	0.0924697319472537  	0.0709740873714312  	10.4637691791821    	50.2336496121157    	50.2749027278598    	50.2547389698382    	50.2633447669973    	0.527669097077861   	0.465673	3.23861896891335    
