Contact_Radius	Contact_Radius_norm	Height	Height_norm	Force_Eng	Force_Calc	Bottom_Angle	Top_Angle	Cone_Angle	Tilt_Angle	Energy	Area	Scale	Volume	Pressure	Bottom_Length	Top_Length	Bottom_Area	Top_Area	Mean_curvature	Bottom_Angle_Calc	Top_Angle_Calc	Average Wetted Height	Initial_guess_height	s_norm
3.03	10.5	0.000000	0.000000	-0.0292107708215932 	-0.0662028884718520 	30	20	7	0	29.1126865160987    	32.6820867458475    	0.0850201837266073  	4.18879020478639    	0.0999380313184564  	18.4305702903831    	0.200079552861820   	27.0307436362300    	0.00318519696746142 	0.000000000000000   	9.73787632142176    	30.2328199249856    	0.478026639445464   	0.659297	3.46130854756589    
3.03	10.5	0.0144454	0.0500000	-0.0254778632161926 	-0.0615998767667407 	30	20	7	0	29.1181332582251    	32.6773702768464    	0.0521596340238620  	4.18879020478639    	0.102083153204858   	18.4305702903831    	0.200079552861820   	27.0307436362300    	0.00318519696746142 	0.000000000000000   	9.82955788056816    	43.7055683906941    	0.447998784309071   	0.644851	3.46130854756589    
3.03	10.5	0.0288908	0.100000	-0.0291415148433858 	-0.0617729044335950 	30	20	7	0	29.1228563840978    	32.6785829784166    	0.0820906823351406  	4.18879020478639    	0.101995182440242   	18.4305702903831    	0.200079552861820   	27.0307436362300    	0.00318519696746142 	0.000000000000000   	9.82548552081523    	30.5420177657125    	0.437101848605441   	0.630406	3.46130854756589    
3.03	10.5	0.0433362	0.150000	-0.0271112352769633 	-0.0600598603962669 	30	20	7	0	29.1276576839284    	32.6765775629445    	0.0576004496434538  	4.18879020478639    	0.102755068120519   	18.4305702903831    	0.200079552861820   	27.0307436362300    	0.00318519696746142 	0.000000000000000   	9.85633321860926    	38.4581314038856    	0.415236021503715   	0.615961	3.46130854756589    
3.03	10.5	0.0577816	0.200000	-0.0241340950593990 	-0.0552747792573077 	30	20	7	0	29.1323977099622    	32.6725385075965    	0.0441331266095345  	4.18879020478639    	0.104997327731575   	18.4305702903831    	0.200079552861820   	27.0307436362300    	0.00318519696746142 	0.000000000000000   	9.95272432690055    	47.5741344000115    	0.385230465400798   	0.601515	3.46130854756589    
3.03	10.5	0.0722270	0.250000	-0.0289877980960753 	-0.0559257956868754 	30	20	7	0	29.1363962262896    	32.6742496981883    	0.0834515202412938  	4.18879020478639    	0.104703766543912   	18.4305702903831    	0.200079552861820   	27.0307436362300    	0.00318519696746142 	0.000000000000000   	9.94058971041040    	31.2191171511850    	0.376971877823822   	0.587070	3.46130854756589    
3.03	10.5	0.0866724	0.300000	-0.0262180187082143 	-0.0512448761683158 	30	20	7	0	29.1405829418802    	32.6706727160681    	0.0558698765391880  	4.18879020478639    	0.106884012321807   	18.4305702903831    	0.200079552861820   	27.0307436362300    	0.00318519696746142 	0.000000000000000   	10.0337797804448    	41.4077154459674    	0.347634205590748   	0.572624	3.46130854756589    
3.03	10.5	0.101118	0.350000	-0.0218515644193296 	-0.0465017603012663 	30	20	7	0	29.1447315334219    	32.6668678708999    	0.0381599696738085  	4.18879020478639    	0.109087591599391   	18.4305702903831    	0.200079552861820   	27.0307436362300    	0.00318519696746142 	0.000000000000000   	10.1277543628943    	53.5318827922685    	0.314796525732635   	0.558179	3.46130854756589    
3.03	10.5	0.115563	0.400000	-0.0209898583735343 	-0.0449929711383746 	30	20	7	0	29.1483061127924    	32.6657917790741    	0.0358087795600504  	4.18879020478639    	0.109783830281285   	18.4305702903831    	0.200079552861820   	27.0307436362300    	0.00318519696746142 	0.000000000000000   	10.1572504244506    	55.6313464682576    	0.293888504556992   	0.543734	3.46130854756589    
3.03	10.5	0.130009	0.450000	-0.0200010152395284 	-0.0431794881828403 	30	20	7	0	29.1516505946647    	32.6646727641920    	0.0464449421478198  	4.18879020478639    	0.110605523915681   	18.4305702903831    	0.200079552861820   	27.0307436362300    	0.00318519696746142 	0.000000000000000   	10.1914134135205    	57.9601030497284    	0.272245585151274   	0.529288	3.46130854756589    
3.03	10.5	0.144454	0.500000	-0.0184604349109300 	-0.0413847038923009 	30	20	7	0	29.1547978180576    	32.6634909469262    	0.0326073063352628  	4.18879020478639    	0.111402421980300   	18.4305702903831    	0.200079552861820   	27.0307436362300    	0.00318519696746142 	0.000000000000000   	10.2238339643767    	61.4442689976426    	0.249525528520719   	0.514843	3.46130854756589    
3.03	10.5	0.158899	0.550000	-0.0175204815465522 	-0.0412988233797134 	30	20	7	0	29.1576137838083    	32.6630690642446    	0.0233913909847496  	4.18879020478639    	0.111409650467354   	18.4305702903831    	0.200079552861820   	27.0307436362300    	0.00318519696746142 	0.000000000000000   	10.2227466378467    	63.4972565615287    	0.231059327917461   	0.500397	3.46130854756589    
3.03	10.5	0.173345	0.600000	-0.0169990965681275 	-0.0393082230319106 	30	20	7	0	29.1601883764735    	32.6621862304486    	0.0242609759790579  	4.18879020478639    	0.112386845535685   	18.4305702903831    	0.200079552861820   	27.0307436362300    	0.00318519696746142 	0.000000000000000   	10.2666802562315    	64.6140869005372    	0.209611957441314   	0.485952	3.46130854756589    
3.03	10.5	0.187790	0.650000	-0.0149620500446972 	-0.0368125860484023 	30	20	7	0	29.1625910770734    	32.6608417410231    	0.0217315518820059  	4.18879020478639    	0.113502120071514   	18.4305702903831    	0.200079552861820   	27.0307436362300    	0.00318519696746142 	0.000000000000000   	10.3123867683149    	68.8574607830723    	0.183463083291239   	0.471507	3.46130854756589    
3.03	10.5	0.202236	0.700000	-0.0128995619070920 	-0.0348044372673188 	30	20	7	0	29.1647158732146    	32.6599067025044    	0.0175568057286393  	4.18879020478639    	0.114407004962123   	18.4305702903831    	0.200079552861820   	27.0307436362300    	0.00318519696746142 	0.000000000000000   	10.3498075301554    	72.9890091132937    	0.158981939637605   	0.457061	3.46130854756589    
