Contact_Radius	Contact_Radius_norm	Height	Height_norm	Force_Eng	Force_Calc	Bottom_Angle	Top_Angle	Cone_Angle	Tilt_Angle	Energy	Area	Scale	Volume	Pressure	Bottom_Length	Top_Length	Bottom_Area	Top_Area	Mean_curvature	Bottom_Angle_Calc	Top_Angle_Calc	Average Wetted Height	Initial_guess_height	s_norm
2.09	3.50	0.000000	0.000000	-0.0304806894443581 	0.428233673909916   	30	15	6	0	14.6228202211304    	17.8259310065045    	0.126075027848235   	4.18879020478639    	0.433699676065954   	18.4305702903831    	0.200079552861820   	27.0307436362300    	0.00318519696746142 	0.000000000000000   	29.3461941737563    	21.3984238262612    	0.833334632128021   	0.958453	1.67729321302027    
2.09	3.50	0.0298099	0.0500000	-0.0304322882022616 	0.435944052058633   	30	15	6	0	14.6387850551510    	17.8227933111228    	0.123921569590847   	4.18879020478639    	0.436347104306885   	18.4305702903831    	0.200079552861820   	27.0307436362300    	0.00318519696746142 	0.000000000000000   	29.4286691665100    	21.7141496726023    	0.796793816968069   	0.928643	1.67729321302027    
2.09	3.50	0.0596199	0.100000	-0.0303675530364453 	0.445954648562044   	30	15	6	0	14.6540079454349    	17.8193200344777    	0.124425208069859   	4.18879020478639    	0.439786344421224   	18.4305702903831    	0.200079552861820   	27.0307436362300    	0.00318519696746142 	0.000000000000000   	29.5360430101228    	22.1273364469858    	0.759315993050355   	0.898833	1.67729321302027    
2.09	3.50	0.0894298	0.150000	-0.0303030669069223 	0.455311817035320   	30	15	6	0	14.6684887585929    	17.8159321880398    	0.122815888963787   	4.18879020478639    	0.443007956250547   	18.4305702903831    	0.200079552861820   	27.0307436362300    	0.00318519696746142 	0.000000000000000   	29.6371749112911    	22.5295886744611    	0.721687026177743   	0.869023	1.67729321302027    
2.09	3.50	0.119240	0.200000	-0.0301662956721482 	0.464070694973948   	30	15	6	0	14.6822249118047    	17.8126230635194    	0.115693152590434   	4.18879020478639    	0.445988071396306   	18.4305702903831    	0.200079552861820   	27.0307436362300    	0.00318519696746142 	0.000000000000000   	29.7284964265085    	23.3645262907097    	0.683866324551003   	0.839214	1.67729321302027    
2.09	3.50	0.149050	0.250000	-0.0298944896333857 	0.472659590900310   	30	15	6	0	14.6952176284540    	17.8091729740051    	0.0969761398204066  	4.18879020478639    	0.448875871669868   	18.4305702903831    	0.200079552861820   	27.0307436362300    	0.00318519696746142 	0.000000000000000   	29.8147869621803    	24.9264683483808    	0.645288336072201   	0.809404	1.67729321302027    
2.09	3.50	0.178860	0.300000	-0.0293844421910919 	0.480505721234447   	30	15	6	0	14.7074697818638    	17.8056471791881    	0.0838930270870153  	4.18879020478639    	0.451516870313001   	18.4305702903831    	0.200079552861820   	27.0307436362300    	0.00318519696746142 	0.000000000000000   	29.8939646963893    	27.5713535121590    	0.605967535511228   	0.779594	1.67729321302027    
2.09	3.50	0.208670	0.350000	-0.0291967930049056 	0.491113132237868   	30	15	6	0	14.7189430400850    	17.8023627187654    	0.0798531957150583  	4.18879020478639    	0.455148348204297   	18.4305702903831    	0.200079552861820   	27.0307436362300    	0.00318519696746142 	0.000000000000000   	30.0070300759544    	28.4631589994429    	0.566719824589069   	0.749784	1.67729321302027    
2.09	3.50	0.238479	0.400000	-0.0285410669914813 	0.501636965969480   	30	15	6	0	14.7296719945414    	17.7989869384125    	0.0684585534660221  	4.18879020478639    	0.458709331853526   	18.4305702903831    	0.200079552861820   	27.0307436362300    	0.00318519696746142 	0.000000000000000   	30.1152634657241    	31.3659496021767    	0.526476945599340   	0.719974	1.67729321302027    
2.09	3.50	0.268289	0.450000	-0.0280113915670955 	0.511540725522661   	30	15	6	0	14.7396231807334    	17.7960909509974    	0.0647488965267500  	4.18879020478639    	0.462076974314670   	18.4305702903831    	0.200079552861820   	27.0307436362300    	0.00318519696746142 	0.000000000000000   	30.2188302144149    	33.5000997119203    	0.486935217743267   	0.690164	1.67729321302027    
2.09	3.50	0.298099	0.500000	-0.0275791818362767 	0.521362919114281   	30	15	6	0	14.7488038849557    	17.7932061532803    	0.0603613702605350  	4.18879020478639    	0.465401344274331   	18.4305702903831    	0.200079552861820   	27.0307436362300    	0.00318519696746142 	0.000000000000000   	30.3201393141565    	35.1332220782204    	0.446633960256298   	0.660354	1.67729321302027    
2.09	3.50	0.327909	0.550000	-0.0263660469550940 	0.529549104199070   	30	15	6	0	14.7572200133839    	17.7907800456053    	0.0544757721832010  	4.18879020478639    	0.468177488189441   	18.4305702903831    	0.200079552861820   	27.0307436362300    	0.00318519696746142 	0.000000000000000   	30.4051890304598    	39.3385606107967    	0.407028112230987   	0.630544	1.67729321302027    
2.09	3.50	0.357719	0.600000	-0.0247885587134303 	0.536362551258965   	30	15	6	0	14.7648709731792    	17.7885820328157    	0.0486050701155882  	4.18879020478639    	0.470466176886890   	18.4305702903831    	0.200079552861820   	27.0307436362300    	0.00318519696746142 	0.000000000000000   	30.4738956275520    	44.1927109398202    	0.367373976223679   	0.600734	1.67729321302027    
2.09	3.50	0.387529	0.650000	-0.0239058146301046 	0.543442418101712   	30	15	6	0	14.7717033062564    	17.7867711985293    	0.0425052961306301  	4.18879020478639    	0.472874007330013   	18.4305702903831    	0.200079552861820   	27.0307436362300    	0.00318519696746142 	0.000000000000000   	30.5482331728411    	46.6895994941210    	0.328671051009553   	0.570924	1.67729321302027    
2.09	3.50	0.417339	0.700000	-0.0230400519413785 	0.550557884420098   	30	15	6	0	14.7777387601350    	17.7851346489296    	0.0418473532360434  	4.18879020478639    	0.475289225241055   	18.4305702903831    	0.200079552861820   	27.0307436362300    	0.00318519696746142 	0.000000000000000   	30.6225410211301    	49.0210391043130    	0.289961546754210   	0.541114	1.67729321302027    
