Contact_Radius	Contact_Radius_norm	Height	Height_norm	Force_Eng	Force_Calc	Bottom_Angle	Top_Angle	Side_Angle	Front_Angle	Back_Angle	Cone_Angle	Tilt_Angle	Energy	Area	Scale	Volume	Pressure	Bottom_Length	Top_Length	Bottom_Area	Top_Area	Mean_curvature	Bottom_Angle_Calc	Top_Angle6	Top_Angle7	Top_Angle8	Top_Angle9	Average Wetted Height	Initial_guess_height	s_norm
2.65	7.00	0.000000	0.000000	-0.0774815803492180 	-0.122297695061091  	30	40	9	9	9	9	0	22.3096935844127    	28.2787503631207    	0.0399205436647438  	4.18879020478639    	0.151668641322933   	15.7824834515107    	0.571826646796255   	19.8177159411745    	0.0169537097513318  	0.0662228905685228  	13.8354965546893    	40.1453575152176    	40.1452684827672    	40.1453879547698    	40.1453269166451    	0.655674318482253   	0.755653	2.64478623634710    
2.65	7.00	0.0189051	0.0500000	-0.0778388839283486 	-0.118825571643034  	30	40	9	9	9	9	0	22.3223389177098    	28.2764995242460    	0.0103557014792880  	4.18879020478639    	0.153777854397762   	15.7824834515107    	0.571826646796255   	19.8177159411745    	0.0169537097513318  	0.0662228905685228  	13.9102243092726    	39.7011922700027    	39.7006390488153    	39.7000572850117    	39.7006267429812    	0.650253943555090   	0.736748	2.64478623634710    
2.65	7.00	0.0378102	0.100000	-0.0778456414057312 	-0.115049442278237  	30	40	9	9	9	9	0	22.3344935368796    	28.2732831301716    	0.126293523226345   	4.18879020478639    	0.156182656392939   	15.7824834515107    	0.571826646796255   	19.8177159411745    	0.0169537097513318  	0.0662228905685228  	13.9997462186774    	39.6848047753255    	39.6855262856462    	39.6838322454379    	39.6829999161823    	0.643154705149946   	0.717843	2.64478623634710    
2.65	7.00	0.0567154	0.150000	-0.0780014471350932 	-0.111106722570301  	30	40	9	9	9	9	0	22.3461384189815    	28.2701356448096    	0.000361152305972934	4.18879020478639    	0.158704600464403   	15.7824834515107    	0.571826646796255   	19.8177159411745    	0.0169537097513318  	0.0662228905685228  	14.0940744504790    	39.4830877988932    	39.4830816526637    	39.4830791256704    	39.4830870311462    	0.635987820948886   	0.698938	2.64478623634710    
2.65	7.00	0.0756205	0.200000	-0.0779686665497662 	-0.107249540748440  	30	40	9	9	9	9	0	22.3572716002833    	28.2669221613316    	0.0272659405185685  	4.18879020478638    	0.161018469914707   	15.7824834515107    	0.571826646796255   	19.8177159411745    	0.0169537097513318  	0.0662228905685228  	14.1750136391191    	39.5159186915024    	39.5166269465907    	39.5157162365311    	39.5157441613875    	0.628190541213294   	0.680033	2.64478623634710    
2.65	7.00	0.0945256	0.250000	-0.0781869964163598 	-0.103678774951813  	30	40	9	9	9	9	0	22.3678918724602    	28.2642663565932    	0.0777806974946244  	4.18879020478636    	0.163385636950796   	15.7824834515107    	0.571826646796255   	19.8177159411745    	0.0169537097513318  	0.0662228905685228  	14.2666790606846    	39.2244059709331    	39.2137257779233    	39.2283673814065    	39.2783909778329    	0.621336061076901   	0.661128	2.64478623634710    
2.65	7.00	0.113431	0.300000	-0.0782497601722085 	-0.0997028949933997 	30	40	9	9	9	9	0	22.3779773900447    	28.2610662969965    	0.111571885337246   	4.18879020478635    	0.165872947174061   	15.7824834515107    	0.571826646796255   	19.8177159411745    	0.0169537097513318  	0.0662228905685228  	14.3577655527796    	39.1738492963541    	39.0967418730715    	39.2423447467541    	39.0838927754674    	0.613301049155954   	0.642222	2.64478623634710    
2.65	7.00	0.132336	0.350000	-0.0779941780878777 	-0.0960970304635754 	30	40	9	9	9	9	0	22.3875385486046    	28.2582001556371    	0.0419723234874649  	4.18879020478635    	0.168205856528286   	15.7824834515107    	0.571826646796255   	19.8177159411745    	0.0169537097513318  	0.0662228905685228  	14.4461337009601    	39.3870657850270    	39.6050427216023    	39.2996638142950    	39.5483666879827    	0.605109654426477   	0.623317	2.64478623634710    
2.65	7.00	0.151241	0.400000	-0.0784196224887805 	-0.0927544007260171 	30	40	9	9	9	9	0	22.3965641986650    	28.2557740549213    	0.00915087593305748 	4.18879020478634    	0.170237035232797   	15.7824834515107    	0.571826646796255   	19.8177159411745    	0.0169537097513318  	0.0662228905685228  	14.5183147696231    	38.5926914804180    	38.9427753226389    	38.9631065036374    	39.1818868702297    	0.598041863746299   	0.604412	2.64478623634710    
2.65	7.00	0.170146	0.450000	-0.0786773609747435 	-0.0917564609566703 	30	40	9	9	9	9	0	22.4051073587862    	28.2554981051973    	0.0377057227879588  	4.18879020478639    	0.170682180763284   	15.7824834515107    	0.571826646796255   	19.8177159411745    	0.0169537097513318  	0.0662228905685228  	14.5278834316764    	38.1690907000947    	39.0128775005313    	38.0148411346043    	39.1567442742424    	0.596299365407515   	0.585507	2.64478623634710    
2.65	7.00	0.189051	0.500000	-0.0790170974017981 	-0.0866994342090655 	30	40	9	9	9	9	0	22.4129968523460    	28.2516999017133    	0.0657403501947972  	4.18879020478637    	0.173870779390252   	15.7824834515107    	0.571826646796255   	19.8177159411745    	0.0169537097513318  	0.0662228905685228  	14.6457347259590    	38.2007453761739    	37.8765553720432    	38.3138108524628    	38.1880848481597    	0.585303196416094   	0.566602	2.64478623634710    
2.65	7.00	0.207956	0.550000	-0.0794432696965513 	-0.0859026859983827 	30	40	9	9	9	9	0	22.4204793218961    	28.2511873027837    	0.0810036991933593  	4.18879020478638    	0.174377056118958   	15.7824834515107    	0.571826646796255   	19.8177159411745    	0.0169537097513318  	0.0662228905685228  	14.6645986412949    	38.1426389957054    	36.5263316810260    	38.3738039599201    	37.2739251234755    	0.582864067476982   	0.547697	2.64478623634710    
2.65	7.00	0.226861	0.600000	-0.0812280164104262 	-0.0858006756897281 	30	40	9	9	9	9	0	22.4275255687518    	28.2511487247302    	0.0704881305413839  	4.18879020478638    	0.174577624859083   	15.7824834515107    	0.571826646796255   	19.8177159411745    	0.0169537097513318  	0.0662228905685228  	14.6771096016305    	34.9523131922740    	34.6574433130289    	36.5961977124328    	34.3088979997173    	0.581972692975079   	0.528792	2.64478623634710    
2.65	7.00	0.245767	0.650000	-0.0866405757354135 	-0.0857631906907911 	30	40	9	9	9	9	0	22.4341731211407    	28.2513579458985    	0.00772950492390126 	4.18879020478639    	0.174405186363674   	15.7824834515107    	0.571826646796255   	19.8177159411745    	0.0169537097513318  	0.0662228905685228  	14.6634015794373    	25.2556053092972    	25.1492468536241    	24.3161879312643    	28.3285396926867    	0.583761765858946   	0.509887	2.64478623634710    
2.65	7.00	0.264672	0.700000	-0.0868930867025327 	-0.0840801544258491 	30	40	9	9	9	9	0	22.4401297506809    	28.2501571768515    	0.0411592227793788  	4.18879020478639    	0.175457005613145   	15.7824834515107    	0.571826646796255   	19.8177159411745    	0.0169537097513318  	0.0662228905685228  	14.7019431363721    	24.5065556317548    	22.2495056370140    	22.4585173801280    	30.5056220854042    	0.582571968647382   	0.490982	2.64478623634710    
