Contact_Radius	Contact_Radius_norm	Height	Height_norm	Force_Eng	Force_Calc	Bottom_Angle	Top_Angle	Cone_Angle	Tilt_Angle	Energy	Area	Scale	Volume	Pressure	Bottom_Length	Top_Length	Bottom_Area	Top_Area	Mean_curvature	Bottom_Angle_Calc	Top_Angle_Calc	Average Wetted Height	Initial_guess_height	s_norm
3.13	11.5	0.000000	0.000000	-0.125274353917069  	-0.209657365621345  	30	35	18	0	30.6853267170742    	40.6165551028694    	0.190950176980231   	4.18879020478639    	0.0209558218968672  	17.7543410066122    	0.836615148716500   	25.0835823223204    	0.0556931889172984  	0.000000000000000   	5.95823684430074    	37.5694471881468    	0.722378685399877   	0.639498	3.67711094728081    
3.13	11.5	0.0135976	0.0500000	-0.125188703829168  	-0.204934609846926  	30	35	18	0	30.7044302992708    	40.6105478085170    	0.187573880966646   	4.18879020478639    	0.0235165502168050  	17.7543410066122    	0.836615148716500   	25.0835823223204    	0.0556931889172984  	0.000000000000000   	6.07037862598865    	37.6501612407639    	0.702326413798952   	0.625900	3.67711094728081    
3.13	11.5	0.0271953	0.100000	-0.125076600160198  	-0.200000438743266  	30	35	18	0	30.7230063319132    	40.6041249268143    	0.181456341510074   	4.18879020478639    	0.0261931666880376  	17.7543410066122    	0.836615148716500   	25.0835823223204    	0.0556931889172984  	0.000000000000000   	6.18766771589537    	37.7629413264748    	0.681776509039032   	0.612302	3.67711094728081    
3.13	11.5	0.0407929	0.150000	-0.124991577925265  	-0.194876627105914  	30	35	18	0	30.7410437741064    	40.5973255980513    	0.177589405283540   	4.18879020478639    	0.0289744024620034  	17.7543410066122    	0.836615148716500   	25.0835823223204    	0.0556931889172984  	0.000000000000000   	6.30963446175299    	37.8396254797788    	0.660731416622581   	0.598705	3.67711094728081    
3.13	11.5	0.0543905	0.200000	-0.124854317125350  	-0.189908453511777  	30	35	18	0	30.7585294133523    	40.5906972444211    	0.170516548948940   	4.18879020478639    	0.0316528336688070  	17.7543410066122    	0.836615148716500   	25.0835823223204    	0.0556931889172984  	0.000000000000000   	6.42643120696434    	37.9830577464138    	0.639630096638556   	0.585107	3.67711094728081    
3.13	11.5	0.0679882	0.250000	-0.124750525852000  	-0.185029247524380  	30	35	18	0	30.7754490417385    	40.5841550841004    	0.164826006469488   	4.18879020478639    	0.0342726147257712  	17.7543410066122    	0.836615148716500   	25.0835823223204    	0.0556931889172984  	0.000000000000000   	6.54029182732545    	38.0842617815549    	0.618414802297790   	0.571509	3.67711094728081    
3.13	11.5	0.0815858	0.300000	-0.124610786186332  	-0.179577073801010  	30	35	18	0	30.7918164770726    	40.5767635438055    	0.162810516379571   	4.18879020478639    	0.0372193189012874  	17.7543410066122    	0.836615148716500   	25.0835823223204    	0.0556931889172984  	0.000000000000000   	6.66912526050355    	38.2261555353660    	0.596161791726143   	0.557912	3.67711094728081    
3.13	11.5	0.0951834	0.350000	-0.124912803409107  	-0.174675464193889  	30	35	18	0	30.8075641947491    	40.5705177982953    	0.181653521185170   	4.18879020478639    	0.0398669092171154  	17.7543410066122    	0.836615148716500   	25.0835823223204    	0.0556931889172984  	0.000000000000000   	6.78485125303281    	37.8170765526277    	0.574774254194866   	0.544314	3.67711094728081    
3.13	11.5	0.108781	0.400000	-0.124797390511890  	-0.169315745662828  	30	35	18	0	30.8227519180080    	40.5631238534750    	0.177334928414134   	4.18879020478639    	0.0427444875098026  	17.7543410066122    	0.836615148716500   	25.0835823223204    	0.0556931889172984  	0.000000000000000   	6.91000140092322    	37.9308784976027    	0.551974953828800   	0.530717	3.67711094728081    
3.13	11.5	0.122379	0.450000	-0.124634413384238  	-0.163806022843461  	30	35	18	0	30.8373395754204    	40.5554748321296    	0.172687382760911   	4.18879020478639    	0.0456994843158895  	17.7543410066122    	0.836615148716500   	25.0835823223204    	0.0556931889172984  	0.000000000000000   	7.03843446413330    	38.1028320891135    	0.528563700502913   	0.517119	3.67711094728081    
3.13	11.5	0.135976	0.500000	-0.124576838362338  	-0.158050252140579  	30	35	18	0	30.8513099669189    	40.5475780532505    	0.175482027465658   	4.18879020478639    	0.0487936537402014  	17.7543410066122    	0.836615148716500   	25.0835823223204    	0.0556931889172984  	0.000000000000000   	7.17322929033315    	38.1405431691403    	0.504481985010684   	0.503521	3.67711094728081    
3.13	11.5	0.149574	0.550000	-0.124433975870508  	-0.152226293406858  	30	35	18	0	30.8646475515901    	40.5395674867719    	0.166612047894317   	4.18879020478639    	0.0519141326198251  	17.7543410066122    	0.836615148716500   	25.0835823223204    	0.0556931889172984  	0.000000000000000   	7.30881723351060    	38.2840238953382    	0.479807727637613   	0.489924	3.67711094728081    
3.13	11.5	0.163172	0.600000	-0.124262244516995  	-0.146349388983841  	30	35	18	0	30.8773308671921    	40.5315184925920    	0.156411422737576   	4.18879020478639    	0.0550513070304317  	17.7543410066122    	0.836615148716500   	25.0835823223204    	0.0556931889172984  	0.000000000000000   	7.44472661450727    	38.4619209031024    	0.454566042935714   	0.476326	3.67711094728081    
3.13	11.5	0.176769	0.650000	-0.123958789497672  	-0.140321199699114  	30	35	18	0	30.8893483687927    	40.5231993451398    	0.144893729585586   	4.18879020478639    	0.0582577620592176  	17.7543410066122    	0.836615148716500   	25.0835823223204    	0.0556931889172984  	0.000000000000000   	7.58324112768003    	38.7978238482877    	0.428363370978927   	0.462728	3.67711094728081    
3.13	11.5	0.190367	0.700000	-0.123885357452431  	-0.133799357111183  	30	35	18	0	30.9006750349933    	40.5145402819904    	0.145852751771820   	4.18879020478639    	0.0617575352722315  	17.7543410066122    	0.836615148716500   	25.0835823223204    	0.0556931889172984  	0.000000000000000   	7.73566006800631    	38.8491600201403    	0.400945390739198   	0.449131	3.67711094728081    
