Contact_Radius	Contact_Radius_norm	Height	Height_norm	Force_Eng	Force_Calc	Bottom_Angle	Top_Angle	Side_Angle	Front_Angle	Back_Angle	Cone_Angle	Tilt_Angle	Energy	Area	Scale	Volume	Pressure	Bottom_Length	Top_Length	Bottom_Area	Top_Area	Mean_curvature	Bottom_Angle_Calc	Top_Angle6	Top_Angle7	Top_Angle8	Top_Angle9	Average Wetted Height	Initial_guess_height	s_norm
3.08	11.0	0.000000	0.000000	-0.168299238034509  	-0.171002280951723  	30	45	14	14	14	14	0	29.8800595366168    	39.4188203805268    	0.000000000000000   	4.18879020478639    	0.0469355582224324  	16.2165815902284    	1.25565754794940    	20.9228834519609    	0.0924697319472537  	0.0709740873714312  	7.28544093165233    	46.2990052847269    	46.2508466888632    	46.2505912807537    	46.2505241024901    	0.657081392422189   	0.649094	3.57001849096078    
3.08	11.0	0.0140055	0.0500000	-0.168040907463905  	-0.169145158904819  	30	45	14	14	14	14	0	29.8946879905091    	39.4165788917610    	1.30833077981044e-005	4.18879020478639    	0.0481871604508110  	16.2165815902284    	1.25565754794940    	20.9228834519609    	0.0924697319472537  	0.0709740873714312  	7.33715755683808    	46.3920961020080    	46.3911684630628    	46.3863436423949    	46.3958870539791    	0.652347665784466   	0.635089	3.57001849096078    
3.08	11.0	0.0280111	0.100000	-0.168421300409474  	-0.166421802391581  	30	45	14	14	14	14	0	29.9088447486200    	39.4156780169693    	0.000000000000000   	4.18879020478639    	0.0500244762521274  	16.2165815902284    	1.25565754794940    	20.9228834519609    	0.0924697319472537  	0.0709740873714312  	7.41315065204899    	46.1808559637124    	46.1706640396665    	46.1666341861069    	46.1724864884033    	0.649332528930632   	0.621083	3.57001849096078    
3.08	11.0	0.0420166	0.150000	-0.167167952183897  	-0.165775396922117  	30	45	14	14	14	14	0	29.9226143419400    	39.4123037271963    	1.54090582669618e-006	4.18879020478639    	0.0504404001813417  	16.2165815902284    	1.25565754794940    	20.9228834519609    	0.0924697319472537  	0.0709740873714312  	7.42968600953432    	46.8361935339333    	46.8390284918388    	46.8388318574898    	46.8382863831884    	0.643061940046746   	0.607078	3.57001849096078    
3.08	11.0	0.0560221	0.200000	-0.168408055113891  	-0.161841167790443  	30	45	14	14	14	14	0	29.9357936231361    	39.4113620348247    	6.41768299576933e-006	4.18879020478639    	0.0531823707367719  	16.2165815902284    	1.25565754794940    	20.9228834519609    	0.0924697319472537  	0.0709740873714312  	7.54603744895721    	46.1535068686125    	46.1544547699791    	46.1548353377460    	46.1562595516724    	0.640023089596348   	0.593072	3.57001849096078    
3.08	11.0	0.0700276	0.250000	-0.168327481285824  	-0.159835597995626  	30	45	14	14	14	14	0	29.9485818870309    	39.4089658055400    	4.47237706289730e-006	4.18879020478639    	0.0545564344963666  	16.2165815902284    	1.25565754794940    	20.9228834519609    	0.0924697319472537  	0.0709740873714312  	7.60359320956727    	46.1867316214668    	46.1875301435011    	46.1947246613653    	46.1800567588723    	0.635129347811654   	0.579067	3.57001849096078    
3.08	11.0	0.0840332	0.300000	-0.168144446938145  	-0.157975005656935  	30	45	14	14	14	14	0	29.9608859425007    	39.4061103830308    	6.96425418336337e-006	4.18879020478639    	0.0558350887850303  	16.2165815902284    	1.25565754794940    	20.9228834519609    	0.0924697319472537  	0.0709740873714312  	7.65728755717397    	46.2869305033623    	46.2621047717116    	46.2670394487576    	46.2860679918652    	0.629370497669379   	0.565061	3.57001849096078    
3.08	11.0	0.0980387	0.350000	-0.170188771986714  	-0.149205201816874  	30	45	14	14	14	14	0	29.9723071093134    	39.3926113440677    	9.80131356908862e-005	4.18879020478639    	0.0619761863517503  	16.2165815902284    	1.25565754794940    	20.9228834519609    	0.0924697319472537  	0.0709740873714312  	7.91899036066706    	45.1077485586965    	45.1418939559936    	45.0981174919449    	45.0945152885046    	0.609300723953449   	0.551056	3.57001849096078    
3.08	11.0	0.112044	0.400000	-0.169537750390568  	-0.149182386587065  	30	45	14	14	14	14	0	29.9836681057026    	39.3943112932425    	0.00136758711781678 	4.18879020478639    	0.0619624829524970  	16.2165815902284    	1.25565754794940    	20.9228834519609    	0.0924697319472537  	0.0709740873714312  	7.91745623850986    	45.4818726110205    	45.4656551984960    	45.4672953128338    	45.4654109317369    	0.609744862190795   	0.537050	3.57001849096078    
3.08	11.0	0.126050	0.450000	-0.169884398980078  	-0.142485762653389  	30	45	14	14	14	14	0	29.9941968598883    	39.3836244315824    	0.0148699849672704  	4.18879020478639    	0.0665460129652932  	16.2165815902284    	1.25565754794940    	20.9228834519609    	0.0924697319472537  	0.0709740873714312  	8.10950230134092    	45.2564028902767    	45.2459034600483    	45.2282449098857    	45.2370321371154    	0.591912887991297   	0.523045	3.57001849096078    
3.08	11.0	0.140055	0.500000	-0.169458719624078  	-0.137863766006854  	30	45	14	14	14	14	0	30.0043366044221    	39.3781010080715    	0.0237960611493091  	4.18879020478639    	0.0697128698668701  	16.2165815902284    	1.25565754794940    	20.9228834519609    	0.0924697319472537  	0.0709740873714312  	8.24235300799703    	45.4513080426230    	45.4514785900889    	45.4503070928024    	45.4501664689328    	0.580857022681057   	0.509039	3.57001849096078    
3.08	11.0	0.154061	0.550000	-0.169755710582681  	-0.133199351451981  	30	45	14	14	14	14	0	30.0139373886137    	39.3722131582607    	0.000730990259946790	4.18879020478639    	0.0729840983106975  	16.2165815902284    	1.25565754794940    	20.9228834519609    	0.0924697319472537  	0.0709740873714312  	8.38209532630521    	45.2607077277009    	45.2605802651887    	45.2607081482946    	45.2606169471296    	0.569072933354480   	0.495033	3.57001849096078    
3.08	11.0	0.168066	0.600000	-0.170289202382090  	-0.130812574132686  	30	45	14	14	14	14	0	30.0229959500392    	39.3683232663767    	0.0215687193913566  	4.18879020478639    	0.0745895735139609  	16.2165815902284    	1.25565754794940    	20.9228834519609    	0.0924697319472537  	0.0709740873714312  	8.44850809933358    	44.9503624725751    	44.9532802282946    	44.9509961417297    	44.9512703794472    	0.560231367026636   	0.481028	3.57001849096078    
3.08	11.0	0.182072	0.650000	-0.169504854786028  	-0.125085151279027  	30	45	14	14	14	14	0	30.0314217960459    	39.3608609832094    	0.0541857102439512  	4.18879020478639    	0.0786711347163855  	16.2165815902284    	1.25565754794940    	20.9228834519609    	0.0924697319472537  	0.0709740873714312  	8.62504302619644    	45.3522417516489    	45.3531703914896    	45.3525637026317    	45.3535610852632    	0.543733149907601   	0.467022	3.57001849096078    
3.08	11.0	0.196077	0.700000	-0.170077362906821  	-0.121995199370211  	30	45	14	14	14	14	0	30.0393047010571    	39.3569891699950    	0.00741119049904619 	4.18879020478639    	0.0808028853213044  	16.2165815902284    	1.25565754794940    	20.9228834519609    	0.0924697319472537  	0.0709740873714312  	8.71506364459343    	45.0249109472543    	45.0084672040811    	45.0138070922113    	45.0269218651525    	0.533668440594095   	0.453017	3.57001849096078    
