Contact_Radius	Contact_Radius_norm	Height	Height_norm	Force_Eng	Force_Calc	Bottom_Angle	Top_Angle	Side_Angle	Front_Angle	Back_Angle	Cone_Angle	Tilt_Angle	Energy	Area	Scale	Volume	Pressure	Bottom_Length	Top_Length	Bottom_Area	Top_Area	Mean_curvature	Bottom_Angle_Calc	Top_Angle6	Top_Angle7	Top_Angle8	Top_Angle9	Average Wetted Height	Initial_guess_height	s_norm
2.51	6.00	0.000000	0.000000	-0.0884431786225954 	-0.162264967255728  	30	25	10	10	10	10	0	20.1118717871109    	26.9821332842937    	0.110159938758214   	4.18879020478639    	0.155436957504815   	15.7824834515107    	0.571826646796255   	19.8177159411745    	0.0169537097513318  	0.0662228905685228  	15.0569061881911    	22.4696540193261    	22.4659325038208    	22.4673465314291    	22.4709152037881    	0.834915126747585   	0.796143	2.38842809051751    
2.51	6.00	0.0209343	0.0500000	-0.0883753603791020 	-0.156866140434065  	30	25	10	10	10	10	0	20.1335485367932    	26.9735700601485    	0.00258687594175739 	4.18879020478639    	0.158622431829723   	15.7824834515107    	0.571826646796255   	19.8177159411745    	0.0169537097513318  	0.0662228905685228  	15.1667355514440    	22.6409753716280    	22.6415571591451    	22.6401743523500    	22.6372627600220    	0.826108305060119   	0.775208	2.38842809051751    
2.51	6.00	0.0418685	0.100000	-0.0883146980913386 	-0.150453411523921  	30	25	10	10	10	10	0	20.1544413623719    	26.9653744909760    	0.00142000664734166 	4.18879020478639    	0.162467102740306   	15.7824834515107    	0.571826646796255   	19.8177159411745    	0.0169537097513318  	0.0662228905685228  	15.3018122929203    	22.7830553076276    	22.7824855937669    	22.7844912607656    	22.7854391843833    	0.817483981677263   	0.754274	2.38842809051751    
2.51	6.00	0.0628028	0.150000	-0.0882910807639831 	-0.143356029783036  	30	25	10	10	10	10	0	20.1745437669861    	26.9567764033984    	0.00487162537399485 	4.18879020478639    	0.166709095369265   	15.7824834515107    	0.571826646796255   	19.8177159411745    	0.0169537097513318  	0.0662228905685228  	15.4504303436399    	22.8182442146730    	22.8179842876859    	22.8188517820246    	22.8187244077905    	0.808041891669618   	0.733340	2.38842809051751    
2.51	6.00	0.0837371	0.200000	-0.0881746677481677 	-0.137961162704957  	30	25	10	10	10	10	0	20.1938424970826    	26.9494403104026    	0.00612724592955976 	4.18879020478639    	0.169875018923724   	15.7824834515107    	0.571826646796255   	19.8177159411745    	0.0169537097513318  	0.0662228905685228  	15.5591001091482    	23.1214189692738    	23.1213884748556    	23.1221424283208    	23.1191958057712    	0.799738227716936   	0.712406	2.38842809051751    
2.51	6.00	0.104671	0.250000	-0.0880947303650775 	-0.131186253516052  	30	25	10	10	10	10	0	20.2123256917625    	26.9401179790494    	0.0220422297273476  	4.18879020478639    	0.173884102534988   	15.7824834515107    	0.571826646796255   	19.8177159411745    	0.0169537097513318  	0.0662228905685228  	15.6981379895615    	23.3122106625046    	23.3102037616232    	23.3091867082387    	23.3138777274023    	0.788636558501823   	0.691471	2.38842809051751    
2.51	6.00	0.125606	0.300000	-0.0879064806707458 	-0.124496317386269  	30	25	10	10	10	10	0	20.2299861714388    	26.9311291731012    	0.0404267506721479  	4.18879020478639    	0.177984669399610   	15.7824834515107    	0.571826646796255   	19.8177159411745    	0.0169537097513318  	0.0662228905685228  	15.8461271413386    	23.7871865538250    	23.7874880462244    	23.7877673870482    	23.7875501171085    	0.777221139116117   	0.670537	2.38842809051751    
2.51	6.00	0.146540	0.350000	-0.0878257352298865 	-0.118241165017502  	30	25	10	10	10	10	0	20.2467997259306    	26.9234764642374    	0.0761184832302115  	4.18879020478639    	0.181684001871869   	15.7824834515107    	0.571826646796255   	19.8177159411745    	0.0169537097513318  	0.0662228905685228  	15.9745133950576    	23.9738963879205    	23.9726253049145    	23.9723786510942    	23.9739178454896    	0.767194373983760   	0.649603	2.38842809051751    
2.51	6.00	0.167474	0.400000	-0.0877942781473954 	-0.111448543306415  	30	25	10	10	10	10	0	20.2627660750268    	26.9155761079281    	0.0806388919518417  	4.18879020478639    	0.185775566474737   	15.7824834515107    	0.571826646796255   	19.8177159411745    	0.0169537097513318  	0.0662228905685228  	16.1195939244187    	24.0258569171610    	24.0276016939385    	24.0266021588137    	24.0252869347528    	0.756703122379472   	0.628669	2.38842809051751    
2.51	6.00	0.188408	0.450000	-0.0878514196385526 	-0.106997502198749  	30	25	10	10	10	10	0	20.2778841945504    	26.9088565404214    	0.000378174820544661	4.18879020478639    	0.188330833649946   	15.7824834515107    	0.571826646796255   	19.8177159411745    	0.0169537097513318  	0.0662228905685228  	16.2052911240399    	23.8632279375582    	23.8549997125703    	23.8611608626235    	23.8566996672305    	0.746553100659364   	0.607734	2.38842809051751    
2.51	6.00	0.209343	0.500000	-0.0879718367806238 	-0.0995687289830819 	30	25	10	10	10	10	0	20.2920804009997    	26.9009087938424    	0.00157829962300029 	4.18879020478639    	0.192947981862218   	15.7824834515107    	0.571826646796255   	19.8177159411745    	0.0169537097513318  	0.0662228905685228  	16.3748272746345    	23.5056168489992    	23.5018618796522    	23.5113734677334    	23.5025956268761    	0.734982053102702   	0.586800	2.38842809051751    
2.51	6.00	0.230277	0.550000	-0.0880092019848287 	-0.0935926316619258 	30	25	10	10	10	10	0	20.3053960953244    	26.8914606002615    	0.0172779905458807  	4.18879020478629    	0.196535925585159   	15.7824834515107    	0.571826646796255   	19.8177159411745    	0.0169537097513318  	0.0662228905685228  	16.5018382974691    	23.4988766341685    	23.3592966498846    	23.3085307615102    	23.3443129235706    	0.719238399929185   	0.565866	2.38842809051751    
2.51	6.00	0.251211	0.600000	-0.0884952757241389 	-0.0894186147295683 	30	25	10	10	10	10	0	20.3178621336167    	26.8881657111523    	0.0167193161939872  	4.18879020478625    	0.198446675839557   	15.7824834515107    	0.571826646796255   	19.8177159411745    	0.0169537097513318  	0.0662228905685228  	16.5459180102268    	21.9473132593959    	21.9220749927041    	21.9006280823832    	22.1020284357407    	0.714315289435437   	0.544931	2.38842809051751    
2.51	6.00	0.272146	0.650000	-0.0891853051190751 	-0.0845083331297063 	30	25	10	10	10	10	0	20.3294815715036    	26.8849662960615    	0.0116468347591637  	4.18879020478642    	0.201778974462610   	15.7824834515107    	0.571826646796255   	19.8177159411745    	0.0169537097513318  	0.0662228905685228  	16.6792204680814    	20.0644618157299    	19.9783943197490    	18.9319955584557    	19.4546143851271    	0.710471480898809   	0.523997	2.38842809051751    
2.51	6.00	0.293080	0.700000	-0.0896468406748809 	-0.0834087798835143 	30	25	10	10	10	10	0	20.3403767472953    	26.8835454016976    	0.00963124691009477 	4.18879020478639    	0.202323196088517   	15.7824834515107    	0.571826646796255   	19.8177159411745    	0.0169537097513318  	0.0662228905685228  	16.6939122740624    	22.7192404422971    	14.2949723155857    	15.1739176528410    	15.4117734555720    	0.710618906859373   	0.503063	2.38842809051751    
