Contact_Radius	Contact_Radius_norm	Height	Height_norm	Force_Eng	Force_Calc	Bottom_Angle	Top_Angle	Cone_Angle	Tilt_Angle	Energy	Area	Scale	Volume	Pressure	Bottom_Length	Top_Length	Bottom_Area	Top_Area	Mean_curvature	Bottom_Angle_Calc	Top_Angle_Calc	Average Wetted Height	Initial_guess_height	s_norm
2.88	9.00	0.000000	0.000000	-0.115641987261327  	-0.140571199087525  	30	40	14	0	26.2129755345095    	33.6387585158661    	0.158200753182394   	4.18879020478639    	0.0867625306890962  	17.7543410066122    	0.836615148716500   	25.0835823223204    	0.0556931889172984  	0.000000000000000   	9.92313570437749    	43.0406545164378    	0.633655867370640   	0.694311	3.12439988476312    
2.88	9.00	0.0160031	0.0500000	-0.115612270452786  	-0.136071868313646  	30	40	14	0	26.2271380571710    	33.6359237094636    	0.157010962248135   	4.18879020478639    	0.0889694623899445  	17.7543410066122    	0.836615148716500   	25.0835823223204    	0.0556931889172984  	0.000000000000000   	10.0118909896865    	43.0496549726889    	0.611577454997122   	0.678308	3.12439988476312    
2.88	9.00	0.0320061	0.100000	-0.115418138112406  	-0.131640495020266  	30	40	14	0	26.2407928621358    	33.6330548067612    	0.154640992316177   	4.18879020478639    	0.0911332328035222  	17.7543410066122    	0.836615148716500   	25.0835823223204    	0.0556931889172984  	0.000000000000000   	10.0985213747085    	43.2043210740655    	0.589321079180055   	0.662305	3.12439988476312    
2.88	9.00	0.0480092	0.150000	-0.115910001723573  	-0.127044159731649  	30	40	14	0	26.2539184627403    	33.6304724815157    	0.174891786521381   	4.18879020478639    	0.0934123322021381  	17.7543410066122    	0.836615148716500   	25.0835823223204    	0.0556931889172984  	0.000000000000000   	10.1912618636793    	42.7494923477173    	0.567339642556722   	0.646302	3.12439988476312    
2.88	9.00	0.0640123	0.200000	-0.115633252742975  	-0.122138621573635  	30	40	14	0	26.2665427597902    	33.6271628962997    	0.160477118104440   	4.18879020478639    	0.0958164712217054  	17.7543410066122    	0.836615148716500   	25.0835823223204    	0.0556931889172984  	0.000000000000000   	10.2879443849961    	42.9771944904492    	0.544153908736364   	0.630299	3.12439988476312    
2.88	9.00	0.0800154	0.250000	-0.115537806856053  	-0.116995645915297  	30	40	14	0	26.2786395085663    	33.6236694303780    	0.159565987994766   	4.18879020478639    	0.0983450978102606  	17.7543410066122    	0.836615148716500   	25.0835823223204    	0.0556931889172984  	0.000000000000000   	10.3900068107229    	43.0419968357187    	0.520468965715437   	0.614296	3.12439988476312    
2.88	9.00	0.0960184	0.300000	-0.115533393171316  	-0.111814635906720  	30	40	14	0	26.2901982781803    	33.6201628774519    	0.171688217322710   	4.18879020478639    	0.100890305991854   	17.7543410066122    	0.836615148716500   	25.0835823223204    	0.0556931889172984  	0.000000000000000   	10.4926833321632    	43.0259075025431    	0.496508802351723   	0.598293	3.12439988476312    
2.88	9.00	0.112022	0.350000	-0.115184825888100  	-0.106577127140734  	30	40	14	0	26.3012156949444    	33.6165384546372    	0.148486303462264   	4.18879020478639    	0.103449990471615   	17.7543410066122    	0.836615148716500   	25.0835823223204    	0.0556931889172984  	0.000000000000000   	10.5954206193664    	43.3136132862582    	0.472058976351597   	0.582290	3.12439988476312    
2.88	9.00	0.128025	0.400000	-0.114828235011749  	-0.101284455029942  	30	40	14	0	26.3116793225938    	33.6128505095010    	0.141889369259419   	4.18879020478639    	0.106032654080495   	17.7543410066122    	0.836615148716500   	25.0835823223204    	0.0556931889172984  	0.000000000000000   	10.6989470859855    	43.6055807604100    	0.447158301815388   	0.566287	3.12439988476312    
2.88	9.00	0.144028	0.450000	-0.115048389208653  	-0.0958721066095148 	30	40	14	0	26.3215742678563    	33.6092447976059    	0.150254001684792   	4.18879020478639    	0.108695076264274   	17.7543410066122    	0.836615148716500   	25.0835823223204    	0.0556931889172984  	0.000000000000000   	10.8066113077046    	43.3925700468672    	0.422036540175524   	0.550283	3.12439988476312    
2.88	9.00	0.160031	0.500000	-0.113656258925771  	-0.0907166385179006 	30	40	14	0	26.3309050452345    	33.6054281985471    	0.124282960867182   	4.18879020478639    	0.111153567350539   	17.7543410066122    	0.836615148716500   	25.0835823223204    	0.0556931889172984  	0.000000000000000   	10.9028070535950    	44.5725413325601    	0.396046770201743   	0.534280	3.12439988476312    
2.88	9.00	0.176034	0.550000	-0.112693023228556  	-0.0849986641800961 	30	40	14	0	26.3396509356392    	33.6014277673795    	0.108242042671594   	4.18879020478639    	0.113924898156868   	17.7543410066122    	0.836615148716500   	25.0835823223204    	0.0556931889172984  	0.000000000000000   	11.0132127634690    	45.3575876429522    	0.369104823606821   	0.518277	3.12439988476312    
2.88	9.00	0.192037	0.600000	-0.113357224376685  	-0.0792889260874644 	30	40	14	0	26.3477760648172    	33.5978623865947    	0.122905797166834   	4.18879020478639    	0.116743003604110   	17.7543410066122    	0.836615148716500   	25.0835823223204    	0.0556931889172984  	0.000000000000000   	11.1276889451603    	44.7829594804138    	0.342530773850480   	0.502274	3.12439988476312    
2.88	9.00	0.208040	0.650000	-0.109881543845271  	-0.0735908617246665 	30	40	14	0	26.3553187902593    	33.5936966999691    	0.0780671168761271  	4.18879020478639    	0.119457043720348   	17.7543410066122    	0.836615148716500   	25.0835823223204    	0.0556931889172984  	0.000000000000000   	11.2338628778583    	47.5722045395696    	0.313672446344482   	0.486271	3.12439988476312    
2.88	9.00	0.224043	0.700000	-0.107073604499172  	-0.0668890867190383 	30	40	14	0	26.3622261092140    	33.5894026264796    	0.0733079009430762  	4.18879020478639    	0.122722568541893   	17.7543410066122    	0.836615148716500   	25.0835823223204    	0.0556931889172984  	0.000000000000000   	11.3648503890575    	49.6769051084658    	0.283323224466162   	0.470268	3.12439988476312    
