Contact_Radius	Contact_Radius_norm	Height	Height_norm	Force_Eng	Force_Calc	Bottom_Angle	Top_Angle	Side_Angle	Front_Angle	Back_Angle	Cone_Angle	Tilt_Angle	Energy	Area	Scale	Volume	Pressure	Bottom_Length	Top_Length	Bottom_Area	Top_Area	Mean_curvature	Bottom_Angle_Calc	Top_Angle6	Top_Angle7	Top_Angle8	Top_Angle9	Average Wetted Height	Initial_guess_height	s_norm
2.88	9.00	0.000000	0.000000	-0.199673255125898  	-0.333276395182509  	30	15	18	18	18	18	0	25.7039667383657    	39.4750314145340    	0.00815871695134443 	4.18879020478639    	-0.0267900829194833 	16.2165815902284    	1.25565754794940    	20.9228834519609    	0.0924697319472537  	0.0709740873714312  	5.42624982046057    	13.4931385078123    	13.6782515312478    	13.5766932001769    	14.0319381336162    	1.11221946805116    	0.694311	3.12439988476312    
2.88	9.00	0.0160031	0.0500000	-0.199632527063402  	-0.326425769715094  	30	15	18	18	18	18	0	25.7450830332366    	39.4515653252749    	0.0239016879101872  	4.18879020478639    	-0.0224960273363960 	16.2165815902284    	1.25565754794940    	20.9228834519609    	0.0924697319472537  	0.0709740873714312  	5.59237011906885    	13.5188115154621    	14.0954281314234    	14.0795724715208    	13.4558798750024    	1.10376576047504    	0.678308	3.12439988476312    
2.88	9.00	0.0320061	0.100000	-0.199634107542690  	-0.315015100764329  	30	15	18	18	18	18	0	25.7863582531413    	39.4028851281284    	0.000561932917524409	4.18879020478639    	-0.0151038346942367 	16.2165815902284    	1.25565754794940    	20.9228834519609    	0.0924697319472537  	0.0709740873714312  	5.88699608557882    	13.3991156227626    	19.2732338390103    	13.7319966618334    	14.0214032057120    	1.08440153850801    	0.662305	3.12439988476312    
2.88	9.00	0.0480092	0.150000	-0.199231540407743  	-0.315188336128918  	30	15	18	18	18	18	0	25.8239127932687    	39.4159249758689    	0.00282419904839136 	4.18879020478639    	-0.0158825196770292 	16.2165815902284    	1.25565754794940    	20.9228834519609    	0.0924697319472537  	0.0709740873714312  	5.83299620833101    	12.6365449057702    	12.2447380976202    	13.1293174925565    	12.9320626095627    	1.09143910252870    	0.646302	3.12439988476312    
2.88	9.00	0.0640123	0.200000	-0.199636657495466  	-0.309210704429734  	30	15	18	18	18	18	0	25.8622127248884    	39.3791205299375    	6.60960789976513e-005	4.18879020478639    	-0.0116203079068826 	16.2165815902284    	1.25565754794940    	20.9228834519609    	0.0924697319472537  	0.0709740873714312  	6.01635457571612    	14.0610879579610    	15.5714983383431    	14.4472295938519    	14.0353746871328    	1.07820434290117    	0.630299	3.12439988476312    
2.88	9.00	0.0800154	0.250000	-0.199038841317432  	-0.294252520307407  	30	15	18	18	18	18	0	25.9011109629823    	39.3309372098116    	0.0396443132864381  	4.18879020478636    	-0.00239436303209958	16.2165815902284    	1.25565754794940    	20.9228834519609    	0.0924697319472537  	0.0709740873714312  	6.36836256503238    	12.5078307275331    	13.1000923197807    	12.8897974863754    	12.5004201203078    	1.05575036535006    	0.614296	3.12439988476312    
2.88	9.00	0.0960184	0.300000	-0.199232914095741  	-0.288956122018751  	30	15	18	18	18	18	0	25.9368545725269    	39.3171971155222    	3.80106847520825e-005	4.18879020478639    	0.000912188055750912	16.2165815902284    	1.25565754794940    	20.9228834519609    	0.0924697319472537  	0.0709740873714312  	6.49602194139108    	12.9941075881482    	13.4918308852263    	14.2128776280998    	13.6559036422983    	1.05135468225867    	0.598293	3.12439988476312    
2.88	9.00	0.112022	0.350000	-0.198970119589651  	-0.280429617014917  	30	15	18	18	18	18	0	25.9726435120072    	39.2831444767051    	0.0162406209429804  	4.18879020478639    	0.00616967488185744 	16.2165815902284    	1.25565754794940    	20.9228834519609    	0.0924697319472537  	0.0709740873714312  	6.69672043022377    	13.3771273331869    	12.6664691429356    	12.7543725175340    	12.9348065180556    	1.03559075949805    	0.582290	3.12439988476312    
2.88	9.00	0.128025	0.400000	-0.199275116971675  	-0.270611206415176  	30	15	18	18	18	18	0	26.0078227910501    	39.2452966831419    	0.00635913421898950 	4.18879020478639    	0.0129758528117138  	16.2165815902284    	1.25565754794940    	20.9228834519609    	0.0924697319472537  	0.0709740873714312  	6.98394058164882    	14.3318377089481    	14.4659057123542    	14.9512974979622    	14.1981617968989    	1.01742420819393    	0.566287	3.12439988476312    
2.88	9.00	0.144028	0.450000	-0.199312779907950  	-0.260012278412984  	30	15	18	18	18	18	0	26.0417918570671    	39.2079825483705    	0.0466180415647587  	4.18879020478416    	0.0191666978798165  	16.2165815902284    	1.25565754794940    	20.9228834519609    	0.0924697319472537  	0.0709740873714312  	7.20801751275098    	20.4358008504402    	14.0498712131665    	19.6853493443281    	20.8960334970945    	0.999473763983346   	0.550283	3.12439988476312    
2.88	9.00	0.160031	0.500000	-0.198957124647258  	-0.261211438767542  	30	15	18	18	18	18	0	26.0724224989971    	39.2116522069320    	0.0540143319392847  	4.18879020478641    	0.0188119436590604  	16.2165815902284    	1.25565754794940    	20.9228834519609    	0.0924697319472537  	0.0709740873714312  	7.20841661232488    	13.5406346908176    	12.9621321595964    	12.1383883407721    	18.7818124049441    	1.00289787743526    	0.534280	3.12439988476312    
2.88	9.00	0.176034	0.550000	-0.199042792105491  	-0.250948804688544  	30	15	18	18	18	18	0	26.1044157332956    	39.1722797496544    	0.0420029993915221  	4.18879020478616    	0.0255722240999044  	16.2165815902284    	1.25565754794940    	20.9228834519609    	0.0924697319472537  	0.0709740873714312  	7.48258787083534    	13.4128251552675    	19.2629962684954    	13.7452094906458    	14.1100488466904    	0.982648388706351   	0.518277	3.12439988476312    
2.88	9.00	0.192037	0.600000	-0.199124162664170  	-0.237864982869414  	30	15	18	18	18	18	0	26.1360099209813    	39.1175688963436    	0.000155914742433148	4.18879020478639    	0.0340327859627250  	16.2165815902284    	1.25565754794940    	20.9228834519609    	0.0924697319472537  	0.0709740873714312  	7.82058123618103    	15.7039248677216    	15.3156256046710    	14.5977062287376    	15.8221235393962    	0.952319086213655   	0.502274	3.12439988476312    
2.88	9.00	0.208040	0.650000	-0.198998836214366  	-0.232276657146953  	30	15	18	18	18	18	0	26.1643350045862    	39.1040487054368    	0.0328660259113319  	4.18879020478639    	0.0374105279059391  	16.2165815902284    	1.25565754794940    	20.9228834519609    	0.0924697319472537  	0.0709740873714312  	7.94741796071363    	14.7603579957375    	14.3582243747372    	14.6398351395954    	19.9209318099494    	0.945995184667737   	0.486271	3.12439988476312    
2.88	9.00	0.224043	0.700000	-0.199117976688295  	-0.218875607976561  	30	15	18	18	18	18	0	26.1939708347881    	39.0432653102554    	3.77089302428792e-005	4.18879020478639    	0.0455529848563131  	16.2165815902284    	1.25565754794940    	20.9228834519609    	0.0924697319472537  	0.0709740873714312  	8.25491244274762    	16.9377767309875    	16.5804027446719    	16.9042969273274    	16.2739255099186    	0.907994282728465   	0.470268	3.12439988476312    
